H 487.456E25, 559.579E25, 648.980E25, 761.650E25, 906.426E25, 1096.776E25, 
H 1354.044E25, 1713.713E25, 2238.320E25, 3046.604E25, 4387.113E25, 6854.871E25, 
H 12186.462E25, 27419.659E25, 109678.764E25                                                   
HE 4368.190E25, 4388.260E25, SAME       , 4389.390E25, 4389.450E25,             
HE 4392.369E25, 4393.515E25, 4509.980E25, 4647.133E25, 4963.671E25,             
HE 6817.943E25, 6858.680E25, 6858.960E25, 6864.201E25, 6866.172E25,             
HE 7093.620E25, 7370.429E25, 8012.550E25, 12101.289E25, 12205.695E25,           
HE 12209.106E25, 12746.066E25, 13445.824E25, 15073.868E25, 27175.760E25,        
HE 29223.753E25, 32033.214E25, 38454.691E25,198310.760E25                      
HE  5418.390E25,  6857.660E25,  8956.950E25, 12191.437E25, 17555.715E25,           
HE 27430.925E25, 48766.491E25,109726.529E25,438908.850E25                     
C  22006.370E25, 28880.880E25, 30489.700E25, 58601.270E25, 69172.400E25,         
C  16886.790E25, 18251.980E25, 19487.800E25, 20118.750E25, 21140.700E25,         
C  69235.820E25, 69767.350E25, 80627.760E25, 80691.180E25, 90777.000E25,         
C  90804.000E25, 90820.420E25, 90840.420E25, 90867.420E25, 90883.840E25,         
C 100121.000E25                                                                 
MG 13713.986E25, 13823.223E25, 15267.955E25, 18167.687E25, 20473.617E25,        
MG 26619.756E25, 39759.842E25, 39800.556E25, 39820.615E25, 61671.020E25         
AL  6958.993E25,  8002.467E25,  9346.231E25, 10588.957E25, 15318.007E25,           
AL 15842.129E25, 22930.614E25, 48166.309E25, 48278.370E25, 55903.260E25         
SI 16810.969E25, 17777.641E25, 18587.546E25, 18655.039E25, 24947.216E25,        
SI 26079.180E25, 50353.180E25, 50640.630E25, 59448.700E25, 59736.150E25,        
SI 63446.510E25, 65524.393E25, 65670.435E25, 65747.550E25, 65811.843E25,        
SI 65957.885E25, 66035.000E25, 75423.767E25                                     
HMINUS -1.8259E14                                                               
HOT  4.149945E+15  4.574341E+15  5.220770E+15  5.222307E+15  5.892577E+15       
HOT  6.177022E+15  6.181062E+15  6.701879E+15  7.158382E+15  7.284488E+15       
HOT  7.693612E+15  7.885955E+15  8.295079E+15  8.497686E+15  8.509966E+15       
HOT  8.572854E+15  9.906370E+15  1.000693E+16  1.046078E+16  1.067157E+16       
HOT  1.146734E+16  1.156813E+16  1.157840E+16  1.177220E+16  1.198813E+16       
HOT  1.267503E+16  1.327649E+16  1.361466E+16  1.365932E+16  1.481487E+16       
HOT  1.490032E+16  1.533389E+16  1.559452E+16  1.579688E+16  1.643205E+16       
HOT  1.656208E+16  1.671401E+16  1.719725E+16  1.737839E+16  1.871079E+16       
HOT  1.873298E+16  1.903597E+16  2.060738E+16  2.125492E+16  2.162610E+16       
HOT  2.226127E+16  2.251163E+16  2.278001E+16  2.317678E+16  2.348946E+16       
HOT  2.351911E+16  2.366973E+16  2.507544E+16  2.754065E+16  2.864850E+16       
HOT  2.965598E+16  3.054151E+16  3.085141E+16  3.339687E+16  3.818757E+16       
FILLER -5.E14,-6.E14,-7.E14,-1.E15,-1.1E15,-1.25E15,-1.3E15,-1.35E15,-1.4E15,
FILLER -1.48E15,-1.55E15,-1.6E15,-1.64E15,-1.7E15,-1.73E15,-1.82E15,-1.87E15,               
FILLER -1.93E15,-2.03E15,-2.15E15,-2.23E15,-2.35E15,-2.46E15,-2.55E15,-2.65E15,
FILLER -2.76E15,-2.85E15,-2.95E15,-3.05E15,-3.15E15,-3.24E15,
FILLER -2.0E15,-2.1E15,-2.2E15,-2.3E15,-2.4E15,-2.5E15,-2.6E15,
FILLER -2.7E15,-2.8E15,-2.9E15,-3.0E15,-3.1E15,-3.2E15,-3.4E15,
FILLER -3.5E15,-3.6E15,-3.7E15,-3.8E15,-3.9E15,
FILLER -4.0E15,-4.2E15,-4.4E15,-4.8E15,-5.0E15,-5.4E15,-5.6E15,-5.8E15,
FILLER -6.0E15,-6.4E15,-6.6E15,-6.8E15,-7.0E15,-7.5E15,-8.0E15,-9.0E15,-9.5E15                                             
FILLER 1., 2., 3., 4., 5., 6., 7.
IRFILLER -10000.E25,-9800.E25,-9600.E25,-9400.E25,-9200.E25,-9000.E25,-8800.E25,
IRFILLER  -8600.E25,-8400.E25,-8200.E25,-8000.E25,-7800.E25,-7600.E25,-7400.E25,
IRFILLER  -7200.E25,-7000.E25,-6800.E25,-6600.E25,-6400.E25,-6200.E25,-6000.E25,
IRFILLER  -5800.E25,-5600.E25,-5400.E25,-5200.E25,-5000.E25,-4900.E25,-4800.E25,
IRFILLER  -4700.E25,-4600.E25,-4500.E25,-4400.E25,-4300.E25,-4200.E25,-4100.E25,
IRFILLER  -4000.E25,-3900.E25,-3800.E25,-3700.E25,-3600.E25,-3500.E25,-3400.E25,
IRFILLER  -3300.E25,-3200.E25,-3100.E25,-3000.E25,-2900.E25,-2800.E25,-2700.E25,
IRFILLER  -2600.E25,-2500.E25,-2400.E25,-2300.E25,-2200.E25,-2100.E25,-2000.E25,
IRFILLER  -1900.E25,-1800.E25,-1700.E25,-1600.E25,-1500.E25,-1400.E25,-1300.E25,
IRFILLER  -1200.E25,-1000.E25, -950.E25, -850.E25, -800.E25,
IRFILLER   -700.E25, -600.E25, -450.E25,
IRFILLER   -400.E25, -350.E25, -300.E25, -250.E25, -225.E25, -200.E25, -190.E25,
IRFILLER   -180.E25, -170.E25, -160.E25, -150.E25, -140.E25, -130.E25, -120.E25,
IRFILLER   -110.E25, -100.E25,  -90.E25,  -80.E25,  -70.E25,  -60.E25,  -50.E25,
IRFILLER    -40.E25,  -30.E25,  -20.E25,  
0.                                                                              
