'H2He      ' Data fetched at http://www.astro.ku.dk/~aborysow/programs/
242          Ref: Jorgensen U.G., Hammer D., Borysow A., Falkesgaard J., 2000, Astronomy & Astrophysics 361, 283
7            Opacity units: cm-1/amagat**2. Mult by 1.38529e-39*n(H2)*n(HeI)/rho to get cm2/g * matter
         1000.      2000.        3000.        4000.        5000.        6000.        7000.
 (cm^-1) 1000K      2000K        3000K        4000K        5000K        6000K        7000K
================================================================================================
   25 0.217405E-07 0.199505E-07 0.196742E-07 0.201558E-07 0.212277E-07 0.228069E-07 0.247366E-07
   50 0.862986E-07 0.794783E-07 0.784690E-07 0.804381E-07 0.847491E-07 0.910802E-07 0.988087E-07
   75 0.191715E-06 0.177620E-06 0.175706E-06 0.180294E-06 0.190080E-06 0.204375E-06 0.221797E-06
  100 0.334813E-06 0.312794E-06 0.310264E-06 0.318813E-06 0.336417E-06 0.361956E-06 0.393003E-06
  125 0.511872E-06 0.483599E-06 0.481221E-06 0.495242E-06 0.523108E-06 0.563223E-06 0.611864E-06
  150 0.717554E-06 0.687117E-06 0.686464E-06 0.707850E-06 0.748620E-06 0.806763E-06 0.877034E-06
  175 0.945885E-06 0.920054E-06 0.923599E-06 0.954661E-06 0.101121E-05 0.109095E-05 0.118696E-05
  200 0.119027E-05 0.117850E-05 0.118974E-05 0.123327E-05 0.130874E-05 0.141382E-05 0.153976E-05
  225 0.144371E-05 0.145798E-05 0.148148E-05 0.154085E-05 0.163867E-05 0.177298E-05 0.193315E-05
  250 0.169906E-05 0.175348E-05 0.179498E-05 0.187412E-05 0.199807E-05 0.216570E-05 0.236450E-05
  275 0.194918E-05 0.205958E-05 0.212592E-05 0.222943E-05 0.238363E-05 0.258885E-05 0.283077E-05
  300 0.218749E-05 0.237056E-05 0.246965E-05 0.260271E-05 0.279165E-05 0.303892E-05 0.332856E-05
  325 0.239260E-05 0.266903E-05 0.281286E-05 0.298308E-05 0.321259E-05 0.350713E-05 0.384955E-05
  350 0.257337E-05 0.295888E-05 0.315723E-05 0.337118E-05 0.364656E-05 0.399324E-05 0.439327E-05
  375 0.272836E-05 0.323635E-05 0.349889E-05 0.376328E-05 0.408989E-05 0.449364E-05 0.495612E-05
  400 0.285708E-05 0.349815E-05 0.383416E-05 0.415570E-05 0.453894E-05 0.500469E-05 0.553438E-05
  425 0.296013E-05 0.374172E-05 0.415981E-05 0.454500E-05 0.499024E-05 0.552280E-05 0.612441E-05
  450 0.303901E-05 0.396527E-05 0.447304E-05 0.492813E-05 0.544052E-05 0.604459E-05 0.672266E-05
  475 0.309559E-05 0.416764E-05 0.477160E-05 0.530231E-05 0.588676E-05 0.656682E-05 0.732574E-05
  500 0.313185E-05 0.434827E-05 0.505365E-05 0.566515E-05 0.632621E-05 0.708648E-05 0.793039E-05
  525 0.316066E-05 0.451322E-05 0.532129E-05 0.601662E-05 0.675761E-05 0.760148E-05 0.853388E-05
  550 0.317467E-05 0.465737E-05 0.557047E-05 0.635325E-05 0.717775E-05 0.810873E-05 0.913315E-05
  575 0.317522E-05 0.478077E-05 0.580023E-05 0.667346E-05 0.758464E-05 0.860588E-05 0.972558E-05
  600 0.316405E-05 0.488409E-05 0.601010E-05 0.697607E-05 0.797661E-05 0.909087E-05 0.103088E-04
  625 0.314296E-05 0.496827E-05 0.619993E-05 0.726021E-05 0.835228E-05 0.956197E-05 0.108807E-04
  650 0.311359E-05 0.503445E-05 0.636988E-05 0.752532E-05 0.871057E-05 0.100177E-04 0.114395E-04
  675 0.307764E-05 0.508393E-05 0.652034E-05 0.777110E-05 0.905070E-05 0.104567E-04 0.119835E-04
  700 0.303509E-05 0.511791E-05 0.665188E-05 0.799753E-05 0.937211E-05 0.108782E-04 0.125115E-04
  725 0.298937E-05 0.514107E-05 0.676833E-05 0.820745E-05 0.967691E-05 0.112836E-04 0.130244E-04
  750 0.294059E-05 0.515190E-05 0.686774E-05 0.839871E-05 0.996271E-05 0.116704E-04 0.135194E-04
  775 0.289021E-05 0.515161E-05 0.695080E-05 0.857147E-05 0.102293E-04 0.120378E-04 0.139958E-04
  800 0.283917E-05 0.514133E-05 0.701356E-05 0.866878E-05 0.102191E-04 0.123856E-04 0.144527E-04
  900 0.264512E-05 0.502497E-05 0.714895E-05 0.911576E-05 0.109976E-04 0.135818E-04 0.160814E-04
 1000 0.247003E-05 0.483662E-05 0.712343E-05 0.934181E-05 0.115180E-04 0.144887E-04 0.174040E-04
 1080 0.232995E-05 0.465907E-05 0.702147E-05 0.939548E-05 0.117737E-04 0.150253E-04 0.182537E-04
 1160 0.218031E-05 0.447400E-05 0.687572E-05 0.936793E-05 0.119174E-04 0.154233E-04 0.189447E-04
 1240 0.200904E-05 0.428673E-05 0.670397E-05 0.928222E-05 0.119736E-04 0.157083E-04 0.195015E-04
 1320 0.183744E-05 0.410675E-05 0.652236E-05 0.915973E-05 0.119665E-04 0.159066E-04 0.199516E-04
 1400 0.167044E-05 0.393340E-05 0.634035E-05 0.901789E-05 0.119188E-04 0.160454E-04 0.203248E-04
 1480 0.150230E-05 0.376255E-05 0.616160E-05 0.886705E-05 0.118459E-04 0.161437E-04 0.206428E-04
 1560 0.133394E-05 0.359282E-05 0.598950E-05 0.871668E-05 0.117626E-04 0.162214E-04 0.209287E-04
 1640 0.116172E-05 0.341758E-05 0.582246E-05 0.857190E-05 0.116805E-04 0.162949E-04 0.212030E-04
 1720 0.996686E-06 0.324066E-05 0.566234E-05 0.843788E-05 0.116094E-04 0.163786E-04 0.214837E-04
 1800 0.845006E-06 0.305961E-05 0.550571E-05 0.831526E-05 0.115554E-04 0.164833E-04 0.217851E-04
 1880 0.708914E-06 0.287661E-05 0.535240E-05 0.820532E-05 0.115231E-04 0.166171E-04 0.221177E-04
 1960 0.587293E-06 0.268890E-05 0.519820E-05 0.810638E-05 0.115147E-04 0.167856E-04 0.224895E-04
 2040 0.481985E-06 0.250062E-05 0.504326E-05 0.801813E-05 0.115319E-04 0.169920E-04 0.229044E-04
 2120 0.392365E-06 0.231309E-05 0.488566E-05 0.793869E-05 0.115743E-04 0.172376E-04 0.233638E-04
 2200 0.319134E-06 0.213290E-05 0.472879E-05 0.786982E-05 0.116438E-04 0.175236E-04 0.238677E-04
 2280 0.260030E-06 0.196003E-05 0.457131E-05 0.781016E-05 0.117393E-04 0.178479E-04 0.244123E-04
 2360 0.213874E-06 0.179800E-05 0.441553E-05 0.776102E-05 0.118611E-04 0.182085E-04 0.249931E-04
 2440 0.179238E-06 0.165046E-05 0.426598E-05 0.772603E-05 0.120108E-04 0.186034E-04 0.256044E-04
 2520 0.154670E-06 0.152093E-05 0.412881E-05 0.771076E-05 0.121908E-04 0.190289E-04 0.262378E-04
 2600 0.138795E-06 0.141196E-05 0.401073E-05 0.772190E-05 0.124040E-04 0.194817E-04 0.268848E-04
 2680 0.131015E-06 0.132808E-05 0.392294E-05 0.777053E-05 0.126559E-04 0.199595E-04 0.275372E-04
 2760 0.130978E-06 0.127324E-05 0.387701E-05 0.786762E-05 0.129502E-04 0.204567E-04 0.281829E-04
 2840 0.138616E-06 0.125076E-05 0.388472E-05 0.802476E-05 0.132911E-04 0.209704E-04 0.288136E-04
 2920 0.154660E-06 0.126613E-05 0.395976E-05 0.825390E-05 0.136822E-04 0.214964E-04 0.294202E-04
 3000 0.179471E-06 0.132584E-05 0.411606E-05 0.856563E-05 0.141252E-04 0.220294E-04 0.299936E-04
 3080 0.213364E-06 0.143824E-05 0.436675E-05 0.896704E-05 0.146189E-04 0.225629E-04 0.305257E-04
 3160 0.260099E-06 0.161524E-05 0.472309E-05 0.946015E-05 0.151579E-04 0.230891E-04 0.310094E-04
 3240 0.324175E-06 0.187020E-05 0.519189E-05 0.100389E-04 0.157296E-04 0.235944E-04 0.314336E-04
 3320 0.414313E-06 0.221801E-05 0.577219E-05 0.106873E-04 0.163148E-04 0.240640E-04 0.317895E-04
 3400 0.544447E-06 0.267395E-05 0.645460E-05 0.113819E-04 0.168910E-04 0.244839E-04 0.320716E-04
 3480 0.732522E-06 0.325115E-05 0.722204E-05 0.120953E-04 0.174355E-04 0.248410E-04 0.322740E-04
 3560 0.100157E-05 0.394960E-05 0.804185E-05 0.127939E-04 0.179265E-04 0.251248E-04 0.323938E-04
 3640 0.138657E-05 0.475418E-05 0.887251E-05 0.134461E-04 0.183494E-04 0.253329E-04 0.324365E-04
 3720 0.192924E-05 0.563691E-05 0.967853E-05 0.140324E-04 0.186975E-04 0.254663E-04 0.324067E-04
 3800 0.262538E-05 0.652301E-05 0.104153E-04 0.145379E-04 0.189720E-04 0.255318E-04 0.323129E-04
 3880 0.338232E-05 0.729339E-05 0.110231E-04 0.149375E-04 0.191638E-04 0.255279E-04 0.321582E-04
 3960 0.409747E-05 0.790824E-05 0.114947E-04 0.152282E-04 0.192701E-04 0.254513E-04 0.319402E-04
 4040 0.473255E-05 0.840763E-05 0.118650E-04 0.154271E-04 0.192974E-04 0.253025E-04 0.316569E-04
 4120 0.524404E-05 0.880251E-05 0.121307E-04 0.155246E-04 0.192371E-04 0.250768E-04 0.313077E-04
 4200 0.555281E-05 0.903178E-05 0.122298E-04 0.154684E-04 0.190500E-04 0.247468E-04 0.308731E-04
 4280 0.563228E-05 0.907878E-05 0.121405E-04 0.152419E-04 0.187260E-04 0.243063E-04 0.303499E-04
 4360 0.545841E-05 0.889864E-05 0.118460E-04 0.148472E-04 0.182739E-04 0.237660E-04 0.297472E-04
 4440 0.500633E-05 0.842316E-05 0.113123E-04 0.142745E-04 0.176951E-04 0.231328E-04 0.290739E-04
 4520 0.431086E-05 0.767420E-05 0.105703E-04 0.135552E-04 0.170175E-04 0.224286E-04 0.283460E-04
 4600 0.362548E-05 0.685797E-05 0.975798E-05 0.127818E-04 0.163036E-04 0.216968E-04 0.275946E-04
 4680 0.306503E-05 0.609144E-05 0.896018E-05 0.120141E-04 0.155950E-04 0.209670E-04 0.268396E-04
 4760 0.263840E-05 0.541639E-05 0.821859E-05 0.112862E-04 0.149171E-04 0.202595E-04 0.260970E-04
 4840 0.231032E-05 0.484307E-05 0.755624E-05 0.106211E-04 0.142887E-04 0.195898E-04 0.253787E-04
 4920 0.205885E-05 0.437217E-05 0.698272E-05 0.100289E-04 0.137178E-04 0.189644E-04 0.246900E-04
 5000 0.186637E-05 0.399070E-05 0.649630E-05 0.951285E-05 0.132080E-04 0.183860E-04 0.240319E-04
 5080 0.170484E-05 0.368106E-05 0.608892E-05 0.906868E-05 0.127550E-04 0.178499E-04 0.233995E-04
 5160 0.156149E-05 0.342835E-05 0.574866E-05 0.868652E-05 0.123498E-04 0.173479E-04 0.227859E-04
 5240 0.142216E-05 0.321488E-05 0.546108E-05 0.835533E-05 0.119839E-04 0.168738E-04 0.221868E-04
 5320 0.128048E-05 0.302820E-05 0.521527E-05 0.806511E-05 0.116475E-04 0.164179E-04 0.215935E-04
 5400 0.113822E-05 0.285637E-05 0.499697E-05 0.780084E-05 0.113256E-04 0.159658E-04 0.209931E-04
 5480 0.996857E-06 0.268812E-05 0.479095E-05 0.754666E-05 0.110037E-04 0.155061E-04 0.203777E-04
 5560 0.859437E-06 0.251968E-05 0.459013E-05 0.729548E-05 0.106767E-04 0.150356E-04 0.197465E-04
 5640 0.727177E-06 0.234707E-05 0.438815E-05 0.704095E-05 0.103392E-04 0.145500E-04 0.190964E-04
 5720 0.605344E-06 0.216951E-05 0.417897E-05 0.677561E-05 0.998422E-05 0.140437E-04 0.184232E-04
 5800 0.495317E-06 0.198499E-05 0.395597E-05 0.649141E-05 0.960479E-05 0.135113E-04 0.177238E-04
 5880 0.399098E-06 0.179649E-05 0.371911E-05 0.618743E-05 0.920148E-05 0.129556E-04 0.170030E-04
 5960 0.317147E-06 0.160729E-05 0.346900E-05 0.586300E-05 0.877411E-05 0.123774E-04 0.162631E-04
 6040 0.249831E-06 0.142184E-05 0.320812E-05 0.551918E-05 0.832328E-05 0.117774E-04 0.155049E-04
 6120 0.195258E-06 0.124199E-05 0.293798E-05 0.515671E-05 0.784943E-05 0.111557E-04 0.147290E-04
 6200 0.152029E-06 0.107281E-05 0.266582E-05 0.478380E-05 0.736170E-05 0.105222E-04 0.139452E-04
 6280 0.118432E-06 0.917493E-06 0.239701E-05 0.440676E-05 0.686735E-05 0.988456E-05 0.131617E-04
 6360 0.925852E-07 0.777979E-06 0.213677E-05 0.403114E-05 0.637153E-05 0.924742E-05 0.123824E-04
 6440 0.727985E-07 0.655150E-06 0.188924E-05 0.366127E-05 0.587768E-05 0.861330E-05 0.116095E-04
 6520 0.576652E-07 0.549289E-06 0.165936E-05 0.330452E-05 0.539379E-05 0.798987E-05 0.108500E-04
 6600 0.460376E-07 0.459328E-06 0.145042E-05 0.296823E-05 0.492958E-05 0.738759E-05 0.101144E-04
 6680 0.370741E-07 0.383994E-06 0.126405E-05 0.265707E-05 0.449149E-05 0.681355E-05 0.940961E-05
 6760 0.302394E-07 0.321697E-06 0.109998E-05 0.237280E-05 0.408278E-05 0.627176E-05 0.873990E-05
 6840 0.251073E-07 0.270781E-06 0.957269E-06 0.211612E-05 0.370553E-05 0.576507E-05 0.810839E-05
 6920 0.212666E-07 0.229374E-06 0.834084E-06 0.188634E-05 0.336022E-05 0.529474E-05 0.751670E-05
 7000 0.183372E-07 0.195777E-06 0.728291E-06 0.168190E-05 0.304608E-05 0.486062E-05 0.696516E-05
 7080 0.161148E-07 0.168662E-06 0.637929E-06 0.150111E-05 0.276208E-05 0.446224E-05 0.645360E-05
 7160 0.144325E-07 0.146772E-06 0.560847E-06 0.134172E-05 0.250622E-05 0.409797E-05 0.598076E-05
 7240 0.133863E-07 0.129361E-06 0.495322E-06 0.120161E-05 0.227646E-05 0.376591E-05 0.554485E-05
 7320 0.129871E-07 0.115710E-06 0.439813E-06 0.107889E-05 0.207088E-05 0.346420E-05 0.514422E-05
 7400 0.131511E-07 0.105038E-06 0.392765E-06 0.971523E-06 0.188724E-05 0.319054E-05 0.477657E-05
 7480 0.136678E-07 0.966352E-07 0.352860E-06 0.877722E-06 0.172352E-05 0.294275E-05 0.443969E-05
 7560 0.144331E-07 0.899441E-07 0.318980E-06 0.795878E-06 0.157777E-05 0.271869E-05 0.413136E-05
 7640 0.152735E-07 0.843863E-07 0.290006E-06 0.724325E-06 0.144795E-05 0.251610E-05 0.384928E-05
 7720 0.161104E-07 0.795813E-07 0.265037E-06 0.661589E-06 0.133218E-05 0.233283E-05 0.359117E-05
 7800 0.166869E-07 0.752386E-07 0.243359E-06 0.606441E-06 0.122881E-05 0.216691E-05 0.335490E-05
 7880 0.170713E-07 0.714215E-07 0.224549E-06 0.557945E-06 0.113650E-05 0.201668E-05 0.313856E-05
 7960 0.175645E-07 0.682410E-07 0.208282E-06 0.515293E-06 0.105400E-05 0.188053E-05 0.294031E-05
 8040 0.182770E-07 0.657794E-07 0.194392E-06 0.477955E-06 0.980395E-06 0.175716E-05 0.275858E-05
 8120 0.190189E-07 0.638098E-07 0.182465E-06 0.445225E-06 0.914629E-06 0.164518E-05 0.259171E-05
 8200 0.198821E-07 0.622854E-07 0.172235E-06 0.416490E-06 0.855753E-06 0.154335E-05 0.243826E-05
 8280 0.207106E-07 0.608122E-07 0.163175E-06 0.390991E-06 0.802771E-06 0.145048E-05 0.229690E-05
 8360 0.210963E-07 0.590687E-07 0.154939E-06 0.368221E-06 0.754962E-06 0.136563E-05 0.216649E-05
 8440 0.207290E-07 0.568756E-07 0.147360E-06 0.347893E-06 0.711811E-06 0.128802E-05 0.204599E-05
 8520 0.201058E-07 0.545760E-07 0.140656E-06 0.330042E-06 0.673109E-06 0.121715E-05 0.193468E-05
 8600 0.191239E-07 0.522244E-07 0.134860E-06 0.314580E-06 0.638532E-06 0.115243E-05 0.183169E-05
 8680 0.180126E-07 0.501161E-07 0.130089E-06 0.301373E-06 0.607676E-06 0.109318E-05 0.173616E-05
 8760 0.168286E-07 0.483654E-07 0.126086E-06 0.289716E-06 0.579550E-06 0.103830E-05 0.164696E-05
 8840 0.162576E-07 0.470588E-07 0.122182E-06 0.278381E-06 0.552757E-06 0.986447E-06 0.156288E-05
 8920 0.158156E-07 0.458235E-07 0.117872E-06 0.266574E-06 0.526323E-06 0.936578E-06 0.148286E-05
 9000 0.152720E-07 0.449327E-07 0.113654E-06 0.254737E-06 0.500478E-06 0.888680E-06 0.140667E-05
 9080 0.142869E-07 0.442612E-07 0.109897E-06 0.243421E-06 0.475623E-06 0.842864E-06 0.133414E-05
 9160 0.130871E-07 0.438944E-07 0.107381E-06 0.233805E-06 0.452825E-06 0.799847E-06 0.126560E-05
 9240 0.118097E-07 0.437175E-07 0.106281E-06 0.226189E-06 0.432279E-06 0.759644E-06 0.120085E-05
 9320 0.104504E-07 0.432827E-07 0.105699E-06 0.219570E-06 0.413148E-06 0.721616E-06 0.113939E-05
 9400 0.870777E-08 0.411504E-07 0.103032E-06 0.211035E-06 0.392931E-06 0.683877E-06 0.107982E-05
 9480 0.711553E-08 0.371697E-07 0.965895E-07 0.198401E-06 0.369743E-06 0.645018E-06 0.102112E-05
 9560 0.576747E-08 0.316354E-07 0.865357E-07 0.181883E-06 0.343851E-06 0.605261E-06 0.963396E-06
 9640 0.472968E-08 0.254067E-07 0.739559E-07 0.162488E-06 0.316036E-06 0.565124E-06 0.906935E-06
 9720 0.398097E-08 0.198593E-07 0.615348E-07 0.143121E-06 0.288699E-06 0.526312E-06 0.852838E-06
 9800 0.346260E-08 0.157108E-07 0.512292E-07 0.126131E-06 0.263890E-06 0.490350E-06 0.802126E-06
 9880 0.308982E-08 0.128011E-07 0.432947E-07 0.112074E-06 0.242218E-06 0.457753E-06 0.755160E-06
 9960 0.281541E-08 0.107258E-07 0.371836E-07 0.100518E-06 0.223402E-06 0.428330E-06 0.711782E-06
10040 0.260894E-08 0.925236E-08 0.325399E-07 0.911446E-07 0.207224E-06 0.401926E-06 0.671856E-06
10120 0.245022E-08 0.820108E-08 0.290045E-07 0.835091E-07 0.193254E-06 0.378169E-06 0.635059E-06
10200 0.231691E-08 0.744100E-08 0.262921E-07 0.772371E-07 0.181104E-06 0.356692E-06 0.601050E-06
10280 0.219611E-08 0.688388E-08 0.242001E-07 0.720590E-07 0.170483E-06 0.337200E-06 0.569531E-06
10360 0.207980E-08 0.646967E-08 0.225622E-07 0.677233E-07 0.161102E-06 0.319397E-06 0.540217E-06
10440 0.195896E-08 0.615704E-08 0.212663E-07 0.640491E-07 0.152736E-06 0.303037E-06 0.512858E-06
10520 0.184157E-08 0.591869E-08 0.202288E-07 0.608948E-07 0.145205E-06 0.287920E-06 0.487239E-06
10600 0.173148E-08 0.573404E-08 0.193863E-07 0.581452E-07 0.138353E-06 0.273861E-06 0.463158E-06
10680 0.162931E-08 0.558858E-08 0.186925E-07 0.557098E-07 0.132049E-06 0.260701E-06 0.440435E-06
10760 0.153100E-08 0.546967E-08 0.181180E-07 0.535383E-07 0.126220E-06 0.248340E-06 0.418942E-06
10840 0.143413E-08 0.536290E-08 0.176254E-07 0.515672E-07 0.120778E-06 0.236673E-06 0.398553E-06
10920 0.134291E-08 0.526303E-08 0.171877E-07 0.497462E-07 0.115656E-06 0.225615E-06 0.379170E-06
11000 0.125600E-08 0.515985E-08 0.167825E-07 0.480374E-07 0.110800E-06 0.215100E-06 0.360711E-06
11080 0.117098E-08 0.504930E-08 0.163922E-07 0.464041E-07 0.106158E-06 0.205059E-06 0.343097E-06
11160 0.108588E-08 0.492896E-08 0.160006E-07 0.448112E-07 0.101677E-06 0.195430E-06 0.326248E-06
11240 0.100469E-08 0.479954E-08 0.155924E-07 0.432262E-07 0.973148E-07 0.186155E-06 0.310099E-06
11320 0.928515E-09 0.466520E-08 0.151682E-07 0.416417E-07 0.930528E-07 0.177200E-06 0.294596E-06
11400 0.868144E-09 0.453269E-08 0.147347E-07 0.400624E-07 0.888888E-07 0.168550E-06 0.279708E-06
11480 0.835806E-09 0.439858E-08 0.142909E-07 0.384901E-07 0.848175E-07 0.160186E-06 0.265399E-06
11560 0.840702E-09 0.426367E-08 0.138459E-07 0.369407E-07 0.808521E-07 0.152108E-06 0.251647E-06
11640 0.859338E-09 0.411815E-08 0.134012E-07 0.354233E-07 0.770009E-07 0.144314E-06 0.238436E-06
11720 0.846469E-09 0.395315E-08 0.129489E-07 0.339291E-07 0.732554E-07 0.136795E-06 0.225749E-06
11800 0.784713E-09 0.377183E-08 0.124810E-07 0.324439E-07 0.696008E-07 0.129534E-06 0.213564E-06
11880 0.688837E-09 0.358204E-08 0.119921E-07 0.309551E-07 0.660250E-07 0.122520E-06 0.201868E-06
11960 0.604596E-09 0.338771E-08 0.114642E-07 0.294387E-07 0.625080E-07 0.115738E-06 0.190644E-06
12040 0.579680E-09 0.319979E-08 0.108867E-07 0.278771E-07 0.590327E-07 0.109169E-06 0.179871E-06
12120 0.605931E-09 0.302553E-08 0.102746E-07 0.262871E-07 0.556116E-07 0.102817E-06 0.169538E-06
12200 0.657870E-09 0.286490E-08 0.963983E-08 0.246814E-07 0.522530E-07 0.966820E-07 0.159635E-06
12280 0.709219E-09 0.272138E-08 0.900992E-08 0.230931E-07 0.489815E-07 0.907736E-07 0.150154E-06
12360 0.757079E-09 0.260506E-08 0.841549E-08 0.215578E-07 0.458249E-07 0.851041E-07 0.141091E-06
12440 0.786807E-09 0.251095E-08 0.786889E-08 0.200969E-07 0.428025E-07 0.796836E-07 0.132442E-06
12520 0.798064E-09 0.242977E-08 0.736238E-08 0.187104E-07 0.399210E-07 0.745196E-07 0.124209E-06
12600 0.786784E-09 0.235299E-08 0.688810E-08 0.173957E-07 0.371818E-07 0.696131E-07 0.116390E-06
12680 0.748863E-09 0.226401E-08 0.642927E-08 0.161427E-07 0.345811E-07 0.649626E-07 0.108980E-06
12760 0.673997E-09 0.214196E-08 0.597070E-08 0.149445E-07 0.321166E-07 0.605643E-07 0.101971E-06
12840 0.580326E-09 0.198401E-08 0.550638E-08 0.137975E-07 0.297854E-07 0.564130E-07 0.953517E-07
12920 0.481005E-09 0.179647E-08 0.503751E-08 0.127000E-07 0.275829E-07 0.524998E-07 0.891068E-07
13000 0.386007E-09 0.158935E-08 0.457018E-08 0.116555E-07 0.255096E-07 0.488206E-07 0.832267E-07
13080 0.305819E-09 0.138435E-08 0.411920E-08 0.106699E-07 0.235635E-07 0.453660E-07 0.776942E-07
13160 0.243311E-09 0.119736E-08 0.369597E-08 0.974615E-08 0.217398E-07 0.421237E-07 0.724903E-07
13240 0.194837E-09 0.103311E-08 0.330652E-08 0.888662E-08 0.200356E-07 0.390848E-07 0.675989E-07
13320 0.156801E-09 0.889912E-09 0.295348E-08 0.809512E-08 0.184525E-07 0.362459E-07 0.630109E-07
13400 0.127111E-09 0.766897E-09 0.263757E-08 0.737113E-08 0.169863E-07 0.335980E-07 0.587109E-07
13480 0.104126E-09 0.661898E-09 0.235625E-08 0.671058E-08 0.156303E-07 0.311301E-07 0.546829E-07
13560 0.865489E-10 0.572826E-09 0.210680E-08 0.610956E-08 0.143785E-07 0.288329E-07 0.509134E-07
13640 0.732242E-10 0.497837E-09 0.188677E-08 0.556440E-08 0.132251E-07 0.266973E-07 0.473889E-07
13720 0.631994E-10 0.435079E-09 0.169318E-08 0.507059E-08 0.121635E-07 0.247140E-07 0.440965E-07
13800 0.556249E-10 0.382717E-09 0.152294E-08 0.462356E-08 0.111874E-07 0.228737E-07 0.410233E-07
13880 0.499132E-10 0.339089E-09 0.137326E-08 0.421910E-08 0.102906E-07 0.211677E-07 0.381567E-07
13960 0.455349E-10 0.303013E-09 0.124228E-08 0.385442E-08 0.946856E-08 0.195887E-07 0.354862E-07
14040 0.422337E-10 0.273440E-09 0.112817E-08 0.352659E-08 0.871677E-08 0.181296E-07 0.330009E-07
14120 0.398272E-10 0.249260E-09 0.102866E-08 0.323172E-08 0.802907E-08 0.167813E-07 0.306887E-07
14200 0.380703E-10 0.229478E-09 0.941922E-09 0.296656E-08 0.740024E-08 0.155361E-07 0.285383E-07
14280 0.366150E-10 0.213205E-09 0.866264E-09 0.272784E-08 0.682482E-08 0.143855E-07 0.265383E-07
14360 0.353641E-10 0.199707E-09 0.799779E-09 0.251178E-08 0.629662E-08 0.133206E-07 0.246764E-07
14440 0.341654E-10 0.188304E-09 0.740624E-09 0.231467E-08 0.580965E-08 0.123328E-07 0.229408E-07
14520 0.332075E-10 0.178994E-09 0.688051E-09 0.213479E-08 0.536071E-08 0.114167E-07 0.213238E-07
14600 0.325039E-10 0.171270E-09 0.641148E-09 0.197046E-08 0.494677E-08 0.105672E-07 0.198175E-07
14680 0.322110E-10 0.164717E-09 0.598803E-09 0.181969E-08 0.456444E-08 0.977903E-08 0.184139E-07
14760 0.325366E-10 0.158744E-09 0.559804E-09 0.168062E-08 0.421089E-08 0.904763E-08 0.171065E-07
14840 0.339361E-10 0.153151E-09 0.523363E-09 0.155192E-08 0.388380E-08 0.836911E-08 0.158890E-07
14920 0.362891E-10 0.147691E-09 0.489451E-09 0.143339E-08 0.358214E-08 0.774085E-08 0.147567E-07
15000 0.401447E-10 0.142252E-09 0.457855E-09 0.132447E-08 0.330440E-08 0.715974E-08 0.137044E-07
15080 0.446023E-10 0.136321E-09 0.428329E-09 0.122459E-08 0.304912E-08 0.662284E-08 0.127270E-07
15160 0.477516E-10 0.129966E-09 0.400746E-09 0.113291E-08 0.281437E-08 0.612669E-08 0.118193E-07
15240 0.461066E-10 0.122960E-09 0.374992E-09 0.104878E-08 0.259854E-08 0.566834E-08 0.109764E-07
15320 0.408246E-10 0.115582E-09 0.350469E-09 0.970654E-09 0.239898E-08 0.524372E-08 0.101927E-07
15400 0.351313E-10 0.108513E-09 0.326894E-09 0.897397E-09 0.221357E-08 0.484947E-08 0.946327E-08
15480 0.324566E-10 0.102375E-09 0.304196E-09 0.828279E-09 0.204069E-08 0.448278E-08 0.878370E-08
15560 0.320767E-10 0.972815E-10 0.282824E-09 0.763625E-09 0.188007E-08 0.414229E-08 0.815121E-08
15640 0.327837E-10 0.930154E-10 0.262815E-09 0.703301E-09 0.173098E-08 0.382629E-08 0.756270E-08
15720 0.338725E-10 0.891344E-10 0.243830E-09 0.646848E-09 0.159249E-08 0.353296E-08 0.701509E-08
15800 0.349552E-10 0.853940E-10 0.225764E-09 0.594092E-09 0.146398E-08 0.326086E-08 0.650581E-08
15880 0.356214E-10 0.817115E-10 0.208764E-09 0.545136E-09 0.134517E-08 0.300890E-08 0.603261E-08
15960 0.356440E-10 0.782128E-10 0.193220E-09 0.500279E-09 0.123588E-08 0.277615E-08 0.559341E-08
16088 0.338915E-10 0.729003E-10 0.171622E-09 0.436997E-09 0.107984E-08 0.244087E-08 0.495619E-08
16288 0.276531E-10 0.642119E-10 0.144079E-09 0.355861E-09 0.876232E-09 0.199726E-08 0.410315E-08
16488 0.202778E-10 0.524709E-10 0.118278E-09 0.288128E-09 0.709608E-09 0.163279E-08 0.339541E-08
16688 0.151079E-10 0.408680E-10 0.945230E-10 0.230867E-09 0.572375E-09 0.133264E-08 0.280774E-08
16888 0.121456E-10 0.318585E-10 0.748432E-10 0.183980E-09 0.460516E-09 0.108645E-08 0.232071E-08
17088 0.105505E-10 0.255006E-10 0.594351E-10 0.146422E-09 0.370080E-09 0.885212E-09 0.191772E-08
17288 0.920347E-11 0.210943E-10 0.477057E-10 0.116739E-09 0.297372E-09 0.721113E-09 0.158466E-08
17488 0.768943E-11 0.178641E-10 0.387678E-10 0.933671E-10 0.239059E-09 0.587476E-09 0.130959E-08
17688 0.601165E-11 0.151136E-10 0.316923E-10 0.748214E-10 0.192243E-09 0.478657E-09 0.108244E-08
17888 0.430240E-11 0.123865E-10 0.257265E-10 0.598663E-10 0.154527E-09 0.389993E-09 0.894861E-09
18088 0.285342E-11 0.968566E-11 0.205241E-10 0.476605E-10 0.124052E-09 0.317704E-09 0.739923E-09
18288 0.179991E-11 0.726569E-11 0.160612E-10 0.377012E-10 0.994220E-10 0.258753E-09 0.611919E-09
18488 0.110231E-11 0.528182E-11 0.123550E-10 0.296348E-10 0.795483E-10 0.210700E-09 0.506179E-09
18688 0.664501E-12 0.375420E-11 0.937134E-11 0.231633E-10 0.635517E-10 0.171552E-09 0.418821E-09
18888 0.397839E-12 0.262732E-11 0.703076E-11 0.180200E-10 0.507091E-10 0.139671E-09 0.346639E-09
19088 0.237980E-12 0.181976E-11 0.523162E-11 0.139674E-10 0.404267E-10 0.113730E-09 0.287014E-09
19288 0.142836E-12 0.125207E-11 0.386947E-11 0.107964E-10 0.322107E-10 0.926253E-10 0.237735E-09
19488 0.863359E-13 0.857996E-12 0.284957E-11 0.832862E-11 0.256560E-10 0.754569E-10 0.196999E-09
19688 0.527545E-13 0.586842E-12 0.209262E-11 0.641727E-11 0.204363E-10 0.614997E-10 0.163331E-09
19888 0.327298E-13 0.401223E-12 0.153415E-11 0.494144E-11 0.162818E-10 0.501469E-10 0.135481E-09
20088 0.207345E-13 0.274500E-12 0.112374E-11 0.380422E-11 0.129764E-10 0.409104E-10 0.112437E-09
