'01.000000                 '    1   133
'H I  lambda(AA) nblo nbup elo(eV) eup(eV) loggf ident raddamp/from BE 20/11-96'
   920.963     1   10    0.000   13.462   -2.493   'Ly 10    ' 6.31E+08
   923.150     1    9    0.000   13.430   -2.353   'Ly  9    ' 6.31E+08
   926.226     1    8    0.000   13.386   -2.196   'Ly  8    ' 6.31E+08
   930.748     1    7    0.000   13.321   -2.016   'Ly  7    ' 6.24E+08
   937.803     1    6    0.000   13.220   -1.807   'Lyepsilon' 6.21E+08
   949.743     1    5    0.000   13.054   -1.555   'Lydelta  ' 6.17E+08
   972.537     1    4    0.000   12.748   -1.237   'Lygamma  ' 6.04E+08
  1025.722     1    3    0.000   12.087   -0.801   'Lybeta   ' 5.70E+08
  1215.671     1    2    0.000   10.199   -0.080   'Lyalpha  ' 4.70E+08
  3666.095     2   27   10.199   13.581   -2.850   'H  27    ' 6.31E+08
  3667.682     2   26   10.199   13.579   -2.801   'H  26    ' 6.31E+08
  3669.464     2   25   10.199   13.578   -2.749   'H  25    ' 6.31E+08
  3671.476     2   24   10.199   13.576   -2.695   'H  24    ' 6.31E+08
  3673.759     2   23   10.199   13.574   -2.639   'H  23    ' 6.31E+08
  3676.363     2   22   10.199   13.571   -2.580   'H  22    ' 6.31E+08
  3679.353     2   21   10.199   13.569   -2.518   'H  21    ' 6.31E+08
  3682.808     2   20   10.199   13.565   -2.453   'H  20    ' 6.31E+08
  3686.831     2   19   10.199   13.562   -2.385   'H  19    ' 6.31E+08
  3691.555     2   18   10.199   13.558   -2.313   'H  18    ' 6.31E+08
  3697.152     2   17   10.199   13.552   -2.237   'H  17    ' 6.31E+08
  3703.853     2   16   10.199   13.546   -2.155   'H  16    ' 6.31E+08
  3711.971     2   15   10.199   13.539   -2.068   'H  15    ' 6.31E+08
  3721.939     2   14   10.199   13.530   -1.975   'H  14    ' 6.31E+08
  3734.368     2   13   10.199   13.519   -1.874   'H  13    ' 6.31E+08
  3750.152     2   12   10.199   13.505   -1.764   'H  12    ' 6.31E+08
  3770.630     2   11   10.199   13.487   -1.644   'H  11    ' 6.31E+08
  3797.898     2   10   10.199   13.463   -1.511   'H  10    ' 6.31E+08
  3835.384     2    9   10.199   13.432   -1.362   'H   9    ' 6.31E+08
  3889.048     2    8   10.199   13.387   -1.192   'H   8    ' 6.31E+08
  3970.072     2    7   10.199   13.322   -0.993   'Hepsilon ' 6.24E+08
  4101.734     2    6   10.199   13.222   -0.753   'Hdelta   ' 6.21E+08
  4340.462     2    5   10.199   13.055   -0.447   'Hgamma   ' 6.17E+08
  4861.323     2    4   10.199   12.749   -0.020   'Hbeta    ' 6.04E+08
  6562.797     2    3   10.199   12.088    0.710   'Halpha   ' 5.70E+08
  8298.839     3   28   12.088   13.582   -2.348   'Pa 28    ' 6.31E+08
  8306.116     3   27   12.088   13.581   -2.299   'Pa 27   '  6.31E+08
  8314.265     3   26   12.088   13.579   -2.249   'Pa 26   '  6.31E+08
  8323.429     3   25   12.088   13.578   -2.196   'Pa 25   '  6.31E+08
  8333.787     3   24   12.088   13.576   -2.141   'Pa 24   '  6.31E+08
  8345.557     3   23   12.088   13.574   -2.084   'Pa 23   '  6.31E+08
  8359.008     3   22   12.088   13.571   -2.024   'Pa 22   '  6.31E+08
  8374.479     3   21   12.088   13.568   -1.961   'Pa 21   '  6.31E+08
  8392.401     3   20   12.088   13.565   -1.895   'Pa 20   '  6.31E+08
  8413.322     3   19   12.088   13.562   -1.824   'Pa 19   '  6.31E+08
  8437.959     3   18   12.088   13.557   -1.750   'Pa 18   '  6.31E+08
  8467.258     3   17   12.088   13.552   -1.671   'Pa 17   '  6.31E+08
  8502.487     3   16   12.088   13.546   -1.587   'Pa 16   '  6.31E+08
  8545.387     3   15   12.088   13.539   -1.496   'Pa 15   '  6.31E+08
  8598.396     3   14   12.088   13.530   -1.398   'Pa 14   '  6.31E+08
  8665.022     3   13   12.088   13.519   -1.292   'Pa 13   '  6.31E+08
  8750.476     3   12   12.088   13.505   -1.175   'Pa 12   '  6.31E+08
  8862.787     3   11   12.088   13.487   -1.046   'Pa 11   '  6.31E+08
  9014.913     3   10   12.088   13.463   -0.901   'Pa 10   '  6.31E+08
  9229.017     3    9   12.088   13.431   -0.735   'Pa  9   '  6.31E+08
  9545.973     3    8   12.088   13.387   -0.540   'Paepsilon' 6.31E+08
 10049.373     3    7   12.088   13.322   -0.303   'Padelta '  6.24E+08
 10938.093     3    6   12.088   13.221    0.002   'Pagamma '  6.21E+08
 12818.077     3    5   12.088   13.055    0.433   'Pabeta  '  6.17E+08
 14867.025     4   29   12.749   13.583   -2.001   'Br 29   '  6.31E+08
 14888.017     4   28   12.749   13.582   -1.954   'Br 28   '  6.31E+08
 14911.454     4   27   12.749   13.580   -1.904   'Br 27   '  6.31E+08
 14937.736     4   26   12.749   13.579   -1.853   'Br 26   '  6.31E+08
 14967.344     4   25   12.749   13.577   -1.799   'Br 25   '  6.31E+08
 15000.870     4   24   12.749   13.575   -1.743   'Br 24   '  6.31E+08
 15039.047     4   23   12.749   13.573   -1.684   'Br 23   '  6.31E+08
 15082.784     4   22   12.749   13.571   -1.623   'Br 22   '  6.31E+08
 15133.231     4   21   12.749   13.568   -1.558   'Br 21   '  6.31E+08
 15191.853     4   20   12.749   13.565   -1.489   'Br 20   '  6.31E+08
 15260.547     4   19   12.749   13.561   -1.416   'Br 19   '  6.31E+08
 15341.799     4   18   12.749   13.557   -1.339   'Br 18   '  6.31E+08
 15438.929     4   17   12.749   13.552   -1.256   'Br 17   '  6.31E+08
 15556.457     4   16   12.749   13.546   -1.167   'Br 16   '  6.31E+08
 15700.670     4   15   12.749   13.539   -1.071   'Br 15   '  6.31E+08
 15880.549     4   14   12.749   13.530   -0.966   'Br 14   '  6.31E+08
 16109.320     4   13   12.749   13.519   -0.852   'Br 13   '  6.31E+08
 16407.199     4   12   12.749   13.505   -0.725   'Br 12   '  6.31E+08
 16806.526     4   11   12.749   13.487   -0.582   'Br 11   '  6.31E+08
 17362.112     4   10   12.749   13.463   -0.417   'Br 10   '  6.31E+08
 18174.122     4    9   12.749   13.431   -0.223   'Brepsilon' 6.31E+08
 18751.008     3    4   12.088   12.749    1.181   'Paalpha '  6.04E+08
 19445.562     4    8   12.749   13.387    0.014   'Brdelta '  6.31E+08
 21655.282     4    7   12.749   13.322    0.321   'Brgamma '  6.24E+08
 23438.894     5   30   13.055   13.584   -1.739   'H5 30   '  6.31E+08
 23485.970     5   29   13.055   13.583   -1.692   'H5 29   '  6.31E+08
 23538.400     5   28   13.055   13.582   -1.643   'H5 28   '  6.31E+08
 23597.040     5   27   13.055   13.580   -1.593   'H5 27   '  6.31E+08
 23662.921     5   26   13.055   13.579   -1.540   'H5 26   '  6.31E+08
 23737.305     5   25   13.055   13.577   -1.485   'H5 25   '  6.31E+08
 23821.743     5   24   13.055   13.575   -1.427   'H5 24   '  6.31E+08
 23918.161     5   23   13.055   13.573   -1.366   'H5 23   '  6.31E+08
 24028.979     5   22   13.055   13.571   -1.302   'H5 22   '  6.31E+08
 24157.272     5   21   13.055   13.568   -1.235   'H5 21   '  6.31E+08
 24306.999     5   20   13.055   13.565   -1.163   'H5 20   '  6.31E+08
 24483.333     5   19   13.055   13.561   -1.087   'H5 19   '  6.31E+08
 24693.147     5   18   13.055   13.557   -1.005   'H5 18   '  6.31E+08
 24945.748     5   17   13.055   13.552   -0.918   'H5 17   '  6.31E+08
 25254.024     5   16   13.055   13.546   -0.823   'H5 16   '  6.31E+08
 25636.286     5   15   13.055   13.539   -0.719   'H5 15   '  6.31E+08
 26119.360     5   14   13.055   13.530   -0.606   'H5 14   '  6.31E+08
 26251.501     4    6   12.749   13.221    0.759   'Brbeta  '  6.21E+08
 26744.024     5   13   13.055   13.519   -0.479   'H5 13   '  6.31E+08
 27575.160     5   12   13.055   13.505   -0.337   'H5 12   '  6.31E+08
 28722.128     5   11   13.055   13.487   -0.173   'H5 11   '  6.31E+08
 30383.734     5   10   13.055   13.463    0.022   'H5 10   '  6.31E+08
 32960.918     5    9   13.055   13.431    0.261   'H5  9   '  6.31E+08
 34091.585     6   31   13.221   13.585   -1.528   'H6 31   '  6.31E+08
 34181.751     6   30   13.221   13.584   -1.482   'H6 30   '  6.31E+08
 34281.960     6   29   13.221   13.583   -1.434   'H6 29   '  6.31E+08
 34393.787     6   28   13.221   13.581   -1.384   'H6 28   '  6.31E+08
 34519.129     6   27   13.221   13.580   -1.332   'H6 27   '  6.31E+08
 34660.295     6   26   13.221   13.579   -1.277   'H6 26   '  6.31E+08
 34820.119     6   25   13.221   13.577   -1.220   'H6 25   '  6.31E+08
 35002.112     6   24   13.221   13.575   -1.160   'H6 24   '  6.31E+08
 35210.668     6   23   13.221   13.573   -1.097   'H6 23   '  6.31E+08
 35451.357     6   22   13.221   13.571   -1.030   'H6 22   '  6.31E+08
 35731.321     6   21   13.221   13.568   -0.959   'H6 21   '  6.31E+08
 36059.866     6   20   13.221   13.565   -0.884   'H6 20   '  6.31E+08
 36449.312     6   19   13.221   13.561   -0.803   'H6 19   '  6.31E+08
 36916.287     6   18   13.221   13.557   -0.716   'H6 18   '  6.31E+08
 37395.353     5    8   13.055   13.387    0.571   'H5  8   '  6.31E+08
 37483.730     6   17   13.221   13.552   -0.622   'H6 17   '  6.31E+08
 38184.117     6   16   13.221   13.546   -0.519   'H6 16   '  6.31E+08
 39064.850     6   15   13.221   13.538   -0.406   'H6 15   '  6.31E+08
 40197.729     6   14   13.221   13.529   -0.280   'H6 14   '  6.31E+08
 40511.565     4    5   12.749   13.055    1.521   'Bralpha '  6.17E+08
 41696.583     6   13   13.221   13.518   -0.137   'H6 13   '  6.31E+08
 43752.624     6   12   13.221   13.504    0.027   'H6 12   '  6.31E+08
 46525.068     5    7   13.055   13.321    1.015   'H5  7   '  6.24E+08
 46712.354     6   11   13.221   13.486    0.223   'H6 11   '  6.31E+08
 51272.589     6   10   13.221   13.463    0.463   'H6 10   '  6.31E+08
 59066.002     6    9   13.221   13.431    0.777   'H6  9   '  6.31E+08
 74578.197     5    6   13.055   13.221    1.789   'H5  6   '  6.21E+08
 75004.441     6    8   13.221   13.386    1.227   'H6  8   '  6.31E+08
