'TiH                 '  0.  0.  0.  0.  0.  2  1  1 22  1
'HeHe                '  0.  0.  0.  0.  0.  1  2  2 
'HeNe+               '  0.  0.  0.  0.  0.  3  2  1 10  1 99 -1 
'LiK                 '  0.  0.  0.  0.  0.  2  3  1 19  1 
'LiBr                '  0.  0.  0.  0.  0.  2  3  1 35  1 
'LiI                 '  0.  0.  0.  0.  0.  2  3  1 53  1 
'B Br                '  0.  0.  0.  0.  0.  2  5  1 35  1 
'N Br                '  0.  0.  0.  0.  0.  2  7  1 35  1 
'NeNe                '  0.  0.  0.  0.  0.  1 10  2 
'NaBr                '  0.  0.  0.  0.  0.  2 11  1 35  1 
'NaI                 '  0.  0.  0.  0.  0.  2 11  1 53  1 
'MgBr                '  0.  0.  0.  0.  0.  2 12  1 35  1 
'AlBr                '  0.  0.  0.  0.  0.  2 13  1 35  1 
'AlI                 '  0.  0.  0.  0.  0.  2 13  1 53  1 
'SiI                 '  0.  0.  0.  0.  0.  2 14  1 53  1 
'ArAr                '  0.  0.  0.  0.  0.  1 18  2 
'CaCa                '  0.  0.  0.  0.  0.  1 20  2 
'CoCl                '  0.  0.  0.  0.  0.  2 17  1 27  1 
'NiBr                '  0.  0.  0.  0.  0.  2 28  1 35  1 
'CuBr                '  0.  0.  0.  0.  0.  2 29  1 35  1 
'CuTe                '  0.  0.  0.  0.  0.  2 29  1 52  1 
'CuI                 '  0.  0.  0.  0.  0.  2 29  1 53  1 
'GaBr                '  0.  0.  0.  0.  0.  2 31  1 35  1 
'GaI                 '  0.  0.  0.  0.  0.  2 31  1 53  1 
'BrBr                '  0.  0.  0.  0.  0.  1 35  2 
'BrBr+               '  0.  0.  0.  0.  0.  2 35  2 99 -1 
'KrF +               '  0.  0.  0.  0.  0.  2  9  1 36  1 
'RbBr                '  0.  0.  0.  0.  0.  2 35  1 37  1 
'RbI                 '  0.  0.  0.  0.  0.  2 37  1 53  1 
'RuC                 '  0.  0.  0.  0.  0.  2  6  1 44  1 
'AgAl                '  0.  0.  0.  0.  0.  2 13  1 47  1 
'AgBr                '  0.  0.  0.  0.  0.  2 35  1 47  1 
'AgI                 '  0.  0.  0.  0.  0.  2 47  1 53  1 
'InBr                '  0.  0.  0.  0.  0.  2 35  1 49  1 
'InI                 '  0.  0.  0.  0.  0.  2 49  1 53  1 
'SnSe                '  0.  0.  0.  0.  0.  2 34  1 50  1 
'SnTe                '  0.  0.  0.  0.  0.  2 50  1 52  1 
'TeSe                '  0.  0.  0.  0.  0.  2 34  1 52  1 
'BrI                 '  0.  0.  0.  0.  0.  2 35  1 53  1 
'XeXe                '  0.  0.  0.  0.  0.  1 54  2 
'CsBr                '  0.  0.  0.  0.  0.  2 35  1 55  1 
'CsI                 '  0.  0.  0.  0.  0.  2 53  1 55  1 
'CsCs                '  0.  0.  0.  0.  0.  1 55  2 
'PrO                 '  0.  0.  0.  0.  0.  2  8  1 59  1 
'AuAl                '  0.  0.  0.  0.  0.  2 13  1 79  1 
'AuAu                '  0.  0.  0.  0.  0.  1 79  2 
'HgAr+               '  0.  0.  0.  0.  0.  3 18  1 80  1 99 -1 
'TlBr                '  0.  0.  0.  0.  0.  2 35  1 81  1 
'TlI                 '  0.  0.  0.  0.  0.  2 53  1 81  1 
'PbSe                '  0.  0.  0.  0.  0.  2 34  1 82  1 
'PbTe                '  0.  0.  0.  0.  0.  2 52  1 82  1 
'BiCl                '  0.  0.  0.  0.  0.  2 17  1 83  1 
'BiBi                '  0.  0.  0.  0.  0.  1 83  2 
'H B S               '  0.  0.  0.  0.  0.  3  1  1  5  1 16  1 
'H C O +             '  0.  0.  0.  0.  0.  4  1  1  6  1  8  1 99 -1 
'BeBeO               '  0.  0.  0.  0.  0.  2  4  2  8  1 
'BeC C               '  0.  0.  0.  0.  0.  2  4  1  6  2 
'BeF F               '  0.  0.  0.  0.  0.  2  4  1  9  2 
'BeClF               '  0.  0.  0.  0.  0.  3  4  1  9  1 17  1 
'B O O               '  0.  0.  0.  0.  0.  2  5  1  8  2 
'C H F               '  0.  0.  0.  0.  0.  3  1  1  6  1  9  1 
'C H P               '  0.  0.  0.  0.  0.  3  1  1  6  1 15  1 
'C H Cl              '  0.  0.  0.  0.  0.  3  1  1  6  1 17  1 
'C N C               '  0.  0.  0.  0.  0.  2  6  2  7  1 
'O B F               '  0.  0.  0.  0.  0.  3  5  1  8  1  9  1 
'O AlH               '  0.  0.  0.  0.  0.  3  1  1  8  1 13  1 
'O TiF               '  0.  0.  0.  0.  0.  3  8  1  9  1 22  1 
'O TiCl              '  0.  0.  0.  0.  0.  3  8  1 17  1 22  1 
'NaC N               '  0.  0.  0.  0.  0.  3  6  1  7  1 11  1 
'MgClF               '  0.  0.  0.  0.  0.  3  9  1 12  1 17  1 
'MgBrBr              '  0.  0.  0.  0.  0.  2 12  1 35  2 
'AlO H +             '  0.  0.  0.  0.  0.  4  1  1  8  1 13  1 99 -1 
'AlClF               '  0.  0.  0.  0.  0.  3  9  1 13  1 17  1 
'SiSiN               '  0.  0.  0.  0.  0.  2  7  1 14  2 
'SiSiSi              '  0.  0.  0.  0.  0.  1 14  3 
'ClC N               '  0.  0.  0.  0.  0.  3  6  1  7  1 17  1 
'K C N               '  0.  0.  0.  0.  0.  3  6  1  7  1 19  1 
'CaO H +             '  0.  0.  0.  0.  0.  4  1  1  8  1 20  1 99 -1 
'CaBrBr              '  0.  0.  0.  0.  0.  2 20  1 35  2 
'CaI I               '  0.  0.  0.  0.  0.  2 20  1 53  2 
'TiBrBr              '  0.  0.  0.  0.  0.  2 22  1 35  2 
'TiI I               '  0.  0.  0.  0.  0.  2 22  1 53  2 
'FeBrBr              '  0.  0.  0.  0.  0.  2 26  1 35  2 
'BrC N               '  0.  0.  0.  0.  0.  3  6  1  7  1 35  1 
'SrO H +             '  0.  0.  0.  0.  0.  4  1  1  8  1 38  1 99 -1 
'SrBrBr              '  0.  0.  0.  0.  0.  2 35  2 38  1 
'ZrBrBr              '  0.  0.  0.  0.  0.  2 35  2 40  1 
'ZrI I               '  0.  0.  0.  0.  0.  2 40  1 53  2 
'NbO O               '  0.  0.  0.  0.  0.  2  8  2 41  1 
'MoO O               '  0.  0.  0.  0.  0.  2  8  2 42  1 
'CsO H               '  0.  0.  0.  0.  0.  3  1  1  8  1 55  1 
'BaO H +             '  0.  0.  0.  0.  0.  4  1  1  8  1 56  1 99 -1 
'BaBrBr              '  0.  0.  0.  0.  0.  2 35  2 56  1 
'TaO O               '  0.  0.  0.  0.  0.  2  8  2 73  1 
'W O O               '  0.  0.  0.  0.  0.  2  8  2 74  1 
'W ClCl              '  0.  0.  0.  0.  0.  2 17  2 74  1 
'H H H O             '  0.  0.  0.  0.  0.  2  1  3  8  1 
'LiB O O             '  0.  0.  0.  0.  0.  3  3  1  5  1  8  2 
'BeB O O             '  0.  0.  0.  0.  0.  3  4  1  5  1  8  2 
'B H H H             '  0.  0.  0.  0.  0.  2  1  3  5  1 
'B O O -             '  0.  0.  0.  0.  0.  3  5  1  8  2 99  1 
'C C H F             '  0.  0.  0.  0.  0.  3  1  1  6  2  9  1 
'C C H Cl            '  0.  0.  0.  0.  0.  3  1  1  6  2 17  1 
'O AlO H             '  0.  0.  0.  0.  0.  3  1  1  8  2 13  1 
'O AlF F             '  0.  0.  0.  0.  0.  3  8  1  9  2 13  1 
'NaB O O             '  0.  0.  0.  0.  0.  3  5  1  8  2 11  1 
'NaClNaCl            '  0.  0.  0.  0.  0.  2 11  2 17  2 
'NaBrNaBr            '  0.  0.  0.  0.  0.  2 11  2 35  2 
'AlB O O             '  0.  0.  0.  0.  0.  3  5  1  8  2 13  1 
'AlO AlO             '  0.  0.  0.  0.  0.  2  8  2 13  2 
'AlF F -             '  0.  0.  0.  0.  0.  3  9  2 13  1 99  1 
'P P P P             '  0.  0.  0.  0.  0.  1 15  4 
'K B O O             '  0.  0.  0.  0.  0.  3  5  1  8  2 19  1 
'K ClK Cl            '  0.  0.  0.  0.  0.  2 17  2 19  2 
'K BrK Br            '  0.  0.  0.  0.  0.  2 19  2 35  2 
'TiO ClCl            '  0.  0.  0.  0.  0.  3  8  1 17  2 22  1 
'TiF F F             '  0.  0.  0.  0.  0.  2  9  3 22  1 
'TiClClCl            '  0.  0.  0.  0.  0.  2 17  3 22  1 
'ZrClClCl            '  0.  0.  0.  0.  0.  2 17  3 40  1 
'MoO O O             '  0.  0.  0.  0.  0.  2  8  3 42  1 
'W O O O             '  0.  0.  0.  0.  0.  2  8  3 74  1 
'C H H H Cl          '  0.  0.  0.  0.  0.  3  1  3  6  1 17  1 
'C C C C C           '  0.  0.  0.  0.  0.  1  6  5 
'SiH H H F           '  0.  0.  0.  0.  0.  3  1  2  9  1 14  1 
'SiH H H Cl          '  0.  0.  0.  0.  0.  3  1  3 14  1 17  1 
'SiH H H Br          '  0.  0.  0.  0.  0.  3  1  3 14  1 35  1 
'SiH H H I           '  0.  0.  0.  0.  0.  3  1  3 14  1 53  1 
'SiH H F F           '  0.  0.  0.  0.  0.  3  1  2  9  2 14  1 
'ZrF F F F           '  0.  0.  0.  0.  0.  2  9  4 40  1 
'ZrClClClCl          '  0.  0.  0.  0.  0.  2 27  4 40  1 
'W O O ClCl          '  0.  0.  0.  0.  0.  3  8  2 17  2 74  1 
'BeO BeO BeO         '  0.  0.  0.  0.  0.  2  4  3  8  3 
'NaC N NaC N         '  0.  0.  0.  0.  0.  3  6  2  7  2 11  2 
'K O H K O H         '  0.  0.  0.  0.  0.  3  1  2  8  2 19  2 
'H H H B O O O       '  0.  0.  0.  0.  0.  3  1  3  5  1  8  3 
'H H MoO O O O       '  0.  0.  0.  0.  0.  3  1  2  8  4 42  1 
'O O W O H O H       '  0.  0.  0.  0.  0.  3  1  2  8  4 74  1 
'AgCl                '  0.  0.  0.  0.  0.  2 17  1 47  1 
'AgF                 '  0.  0.  0.  0.  0.  2  9  1 47  1 
'AgH                 '  0.  0.  0.  0.  0.  2  1  1 47  1 
'AgO                 '  0.  0.  0.  0.  0.  2  8  1 47  1 
'AlAl                '  0.  0.  0.  0.  0.  1 13  2 
'AlN                 '  0.  0.  0.  0.  0.  2  7  1 13  1 
'AlSe                '  0.  0.  0.  0.  0.  2 13  1 34  1 
'AsAs                '  0.  0.  0.  0.  0.  1 33  2 
'AsCl                '  0.  0.  0.  0.  0.  2 17  1 33  1 
'AsF                 '  0.  0.  0.  0.  0.  2  9  1 33  1 
'AsH                 '  0.  0.  0.  0.  0.  2  1  1 33  1 
'AsN                 '  0.  0.  0.  0.  0.  2  7  1 33  1 
'AsO                 '  0.  0.  0.  0.  0.  2  8  1 33  1 
'AsP                 '  0.  0.  0.  0.  0.  2 15  1 33  1 
'AsS                 '  0.  0.  0.  0.  0.  2 16  1 33  1 
'AuCl                '  0.  0.  0.  0.  0.  2 17  1 79  1 
'AuH                 '  0.  0.  0.  0.  0.  2  1  1 79  1 
'AuSi                '  0.  0.  0.  0.  0.  2 14  1 79  1 
'B B                 '  0.  0.  0.  0.  0.  1  5  2 
'BeH                 '  0.  0.  0.  0.  0.  2  1  1  4  1 
'BeS                 '  0.  0.  0.  0.  0.  2  4  1 16  1 
'BiH                 '  0.  0.  0.  0.  0.  2  1  1 83  1 
'BiO                 '  0.  0.  0.  0.  0.  2  8  1 83  1 
'BiS                 '  0.  0.  0.  0.  0.  2 16  1 83  1 
'B N                 '  0.  0.  0.  0.  0.  2  5  1  7  1 
'BrCl                '  0.  0.  0.  0.  0.  2 17  1 35  1 
'BrF                 '  0.  0.  0.  0.  0.  2  9  1 35  1 
'BrO                 '  0.  0.  0.  0.  0.  2  8  1 35  1 
'C Br                '  0.  0.  0.  0.  0.  2  6  1 35  1 
'CdCl                '  0.  0.  0.  0.  0.  2 17  1 48  1 
'CdF                 '  0.  0.  0.  0.  0.  2  9  1 48  1 
'CdH                 '  0.  0.  0.  0.  0.  2  1  1 48  1 
'C F                 '  0.  0.  0.  0.  0.  2  6  1  9  1 
'ClF                 '  0.  0.  0.  0.  0.  2  9  1 17  1 
'CoH                 '  0.  0.  0.  0.  0.  2  1  1 27  1 
'CrS                 '  0.  0.  0.  0.  0.  2 16  1 24  1 
'CsCl                '  0.  0.  0.  0.  0.  2 17  1 55  1 
'C Se                '  0.  0.  0.  0.  0.  2  6  1 34  1 
'CsF                 '  0.  0.  0.  0.  0.  2  9  1 55  1 
'CsH                 '  0.  0.  0.  0.  0.  2  1  1 55  1 
'CuCu                '  0.  0.  0.  0.  0.  1 29  2 
'CuSe                '  0.  0.  0.  0.  0.  2 29  1 34  1 
'GaCl                '  0.  0.  0.  0.  0.  2 17  1 31  1 
'GaF                 '  0.  0.  0.  0.  0.  2  9  1 31  1 
'GaH                 '  0.  0.  0.  0.  0.  2  1  1 31  1 
'GaO                 '  0.  0.  0.  0.  0.  2  8  1 31  1 
'GeSe                '  0.  0.  0.  0.  0.  2 32  1 34  1 
'GeTe                '  0.  0.  0.  0.  0.  2 32  1 52  1 
'H Br                '  0.  0.  0.  0.  0.  2  1  1 35  1 
'HfO                 '  0.  0.  0.  0.  0.  2  8  1 72  1 
'HgCl                '  0.  0.  0.  0.  0.  2 17  1 80  1 
'HgF                 '  0.  0.  0.  0.  0.  2  9  1 80  1 
'HgH                 '  0.  0.  0.  0.  0.  2  1  1 80  1 
'HoF                 '  0.  0.  0.  0.  0.  2  9  1 67  1 
'I I                 '  0.  0.  0.  0.  0.  1 53  2 
'I Cl                '  0.  0.  0.  0.  0.  2 17  1 53  1 
'I F                 '  0.  0.  0.  0.  0.  2  9  1 53  1 
'InCl                '  0.  0.  0.  0.  0.  2 17  1 49  1 
'InF                 '  0.  0.  0.  0.  0.  2  9  1 49  1 
'InH                 '  0.  0.  0.  0.  0.  2  1  1 49  1 
'InO                 '  0.  0.  0.  0.  0.  2  8  1 49  1 
'I O                 '  0.  0.  0.  0.  0.  2  8  1 53  1 
'IrC                 '  0.  0.  0.  0.  0.  2  6  1 77  1 
'IrO                 '  0.  0.  0.  0.  0.  2  8  1 77  1 
'K K                 '  0.  0.  0.  0.  0.  1 19  2 
'K Br                '  0.  0.  0.  0.  0.  2 19  1 35  1 
'K I                 '  0.  0.  0.  0.  0.  2 19  1 53  1 
'LaH                 '  0.  0.  0.  0.  0.  2  1  1 57  1 
'LiLi                '  0.  0.  0.  0.  0.  1  3  2 
'LiNa                '  0.  0.  0.  0.  0.  2  3  1 11  1 
'LuF                 '  0.  0.  0.  0.  0.  2  9  1 71  1 
'LuH                 '  0.  0.  0.  0.  0.  2  1  1 71  1 
'LuO                 '  0.  0.  0.  0.  0.  2  8  1 71  1 
'MgMg                '  0.  0.  0.  0.  0.  1 12  2 
'NaNa                '  0.  0.  0.  0.  0.  1 11  2 
'NbN                 '  0.  0.  0.  0.  0.  2  7  1 41  1 
'N Cl                '  0.  0.  0.  0.  0.  2  7  1 17  1 
'N F                 '  0.  0.  0.  0.  0.  2  7  1  9  1 
'N Se                '  0.  0.  0.  0.  0.  2  7  1 34  1 
'P P                 '  0.  0.  0.  0.  0.  1 15  2 
'PbCl                '  0.  0.  0.  0.  0.  2 17  1 82  1 
'PbF                 '  0.  0.  0.  0.  0.  2  9  1 82  1 
'PbH                 '  0.  0.  0.  0.  0.  2  1  1 82  1 
'PbO                 '  0.  0.  0.  0.  0.  2  8  1 82  1 
'PbS                 '  0.  0.  0.  0.  0.  2 16  1 82  1 
'PdH                 '  0.  0.  0.  0.  0.  2  1  1 46  1 
'PtC                 '  0.  0.  0.  0.  0.  2  6  1 78  1 
'PtH                 '  0.  0.  0.  0.  0.  2  1  1 78  1 
'PtO                 '  0.  0.  0.  0.  0.  2  8  1 78  1 
'RbO                 '  0.  0.  0.  0.  0.  2  8  1 37  1 
'RhC                 '  0.  0.  0.  0.  0.  2  6  1 45  1 
'RuO                 '  0.  0.  0.  0.  0.  2  8  1 44  1 
'SbSb                '  0.  0.  0.  0.  0.  1 51  2 
'SbCl                '  0.  0.  0.  0.  0.  2 17  1 51  1 
'SbF                 '  0.  0.  0.  0.  0.  2  9  1 51  1 
'SbH                 '  0.  0.  0.  0.  0.  2  1  1 51  1 
'SbO                 '  0.  0.  0.  0.  0.  2  8  1 51  1 
'SbP                 '  0.  0.  0.  0.  0.  2 15  1 51  1 
'ScCl                '  0.  0.  0.  0.  0.  2 17  1 21  1 
'SeSe                '  0.  0.  0.  0.  0.  1 34  2 
'SeCl                '  0.  0.  0.  0.  0.  2 17  1 34  1 
'SeF                 '  0.  0.  0.  0.  0.  2  9  1 34  1 
'SeH                 '  0.  0.  0.  0.  0.  2  1  1 34  1 
'SeO                 '  0.  0.  0.  0.  0.  2  8  1 34  1 
'SeS                 '  0.  0.  0.  0.  0.  2 16  1 34  1 
'S F                 '  0.  0.  0.  0.  0.  2  9  1 16  1 
'SiSi                '  0.  0.  0.  0.  0.  1 14  2 
'SiSe                '  0.  0.  0.  0.  0.  2 14  1 34  1 
'SiTe                '  0.  0.  0.  0.  0.  2 14  1 52  1 
'SnCl                '  0.  0.  0.  0.  0.  2 17  1 50  1 
'SnF                 '  0.  0.  0.  0.  0.  2  9  1 50  1 
'SnH                 '  0.  0.  0.  0.  0.  2  1  1 50  1 
'SnO                 '  0.  0.  0.  0.  0.  2  8  1 50  1 
'SnS                 '  0.  0.  0.  0.  0.  2 16  1 50  1 
'TaO                 '  0.  0.  0.  0.  0.  2  8  1 73  1 
'TbO                 '  0.  0.  0.  0.  0.  2  8  1 65  1 
'TeTe                '  0.  0.  0.  0.  0.  1 52  2 
'TeCl                '  0.  0.  0.  0.  0.  2 17  1 52  1 
'TeH                 '  0.  0.  0.  0.  0.  2  1  1 52  1 
'TeO                 '  0.  0.  0.  0.  0.  2  8  1 52  1 
'TeS                 '  0.  0.  0.  0.  0.  2 16  1 52  1 
'ThO                 '  0.  0.  0.  0.  0.  2  8  1 90  1 
'TiN                 '  0.  0.  0.  0.  0.  2  7  1 22  1 
'TlCl                '  0.  0.  0.  0.  0.  2 17  1 81  1 
'TlF                 '  0.  0.  0.  0.  0.  2  9  1 81  1 
'TlH                 '  0.  0.  0.  0.  0.  2  1  1 81  1 
'W O                 '  0.  0.  0.  0.  0.  2  8  1 74  1 
'YbCl                '  0.  0.  0.  0.  0.  2 17  1 70  1 
'YbF                 '  0.  0.  0.  0.  0.  2  9  1 70  1 
'YbH                 '  0.  0.  0.  0.  0.  2  1  1 70  1 
'ZnCl                '  0.  0.  0.  0.  0.  2 17  1 30  1 
'ZnF                 '  0.  0.  0.  0.  0.  2  9  1 30  1 
'ZnH                 '  0.  0.  0.  0.  0.  2  1  1 30  1 
'Al+ H               '  0.  0.  0.  0.  0.  3  1  1 13  1 99 -1 
'As+ O               '  0.  0.  0.  0.  0.  3  8  1 33  1 99 -1 
'Be+ H               '  0.  0.  0.  0.  0.  3  1  1  4  1 99 -1 
'B + H               '  0.  0.  0.  0.  0.  3  1  1  5  1 99 -1 
'B + O               '  0.  0.  0.  0.  0.  3  5  1  8  1 99 -1 
'C C +               '  0.  0.  0.  0.  0.  2  6  2 99 -1 
'Cd+ H               '  0.  0.  0.  0.  0.  3  1  1 48  1 99 -1 
'C + H               '  0.  0.  0.  0.  0.  3  1  1  6  1 99 -1 
'C + N               '  0.  0.  0.  0.  0.  3  6  1  7  1 99 -1 
'C + O               '  0.  0.  0.  0.  0.  3  6  1  8  1 99 -1 
'H Br+               '  0.  0.  0.  0.  0.  3  1  1 35  1 99 -1 
'H Cl+               '  0.  0.  0.  0.  0.  3  1  1 17  1 99 -1 
'HeHe+               '  0.  0.  0.  0.  0.  2  2  2 99 -1 
'HeH +               '  0.  0.  0.  0.  0.  3  1  1  2  1 99 -1 
'H + F               '  0.  0.  0.  0.  0.  3  1  1  9  1 99 -1 
'Hg+ H               '  0.  0.  0.  0.  0.  3  1  1 80  1 99 -1 
'Mg+ H               '  0.  0.  0.  0.  0.  3  1  1 12  1 99 -1 
'N N +               '  0.  0.  0.  0.  0.  2  7  2 99 -1 
'NeNe+               '  0.  0.  0.  0.  0.  2 10  2 99 -1 
'NeH +               '  0.  0.  0.  0.  0.  3  1  1 10  1 99 -1 
'N H +               '  0.  0.  0.  0.  0.  3  1  1  7  1 99 -1 
'N O +               '  0.  0.  0.  0.  0.  3  7  1  8  1 99 -1 
'N S +               '  0.  0.  0.  0.  0.  3  7  1 16  1 99 -1 
'O O +               '  0.  0.  0.  0.  0.  2  8  2 99 -1 
'O + H               '  0.  0.  0.  0.  0.  3  1  1  8  1 99 -1 
'P P +               '  0.  0.  0.  0.  0.  2 15  2 99 -1 
'P + H               '  0.  0.  0.  0.  0.  3  1  1 15  1 99 -1 
'P + O               '  0.  0.  0.  0.  0.  3  8  1 15  1 99 -1 
'S S +               '  0.  0.  0.  0.  0.  2 16  2 99 -1 
'S + H               '  0.  0.  0.  0.  0.  3  1  1 16  1 99 -1 
'Si+ H               '  0.  0.  0.  0.  0.  3  1  1 14  1 99 -1 
'Si+ O               '  0.  0.  0.  0.  0.  3  8  1 14  1 99 -1 
'S + O               '  0.  0.  0.  0.  0.  3  8  1 16  1 99 -1 
'Ta+ O               '  0.  0.  0.  0.  0.  3  8  1 73  1 99 -1 
'Zn+ H               '  0.  0.  0.  0.  0.  3  1  1 30  1 99 -1 
'H H -    ' 1. 0. 0. 0. 0.    2  1  2 99   1  0   0  0   0
'C C -     ' 2.38449E+01 -1.18251E+01  6.78666E-01 -8.84022E-02  4.27702E-03 2  6   2 99   1  0   0  0   0
'C N -     ' 2.41233E+01 -1.44219E+01  7.04171E-01 -9.21367E-02  4.47712E-03 3  6   1  7   1 99   1  0   0
'C S - ' 0. 0. 0. 0. 0. 3 6 1 16 1 99 1
'N O -     ' 2.36256E+01 -1.00651E+01  6.84604E-01 -8.93711E-02  4.33949E-03 3  7   1  8   1 99   1  0   0
'O H -     ' 2.36207E+01 -8.82118E+00  6.37986E-01 -8.08879E-02  3.85915E-03 3  8   1  1   1 99   1  0   0
'F F - ' 0. 0. 0. 0. 0. 2 9 2 99 1
'SiH - ' 0. 0. 0. 0. 0. 3 1 1 14 1 99 1
'S H - ' 0. 0. 0. 0. 0. 3 1 1 16 1 99 1
'H -      ' 1.09409E+01 -2.68360E+00  4.97853E-01 -6.40899E-02  3.07530E-03 2  1   1 99   1  0   0  0   0
'H H      ' 1.27388E+01 -5.12717E+00  1.25720E-01 -1.41494E-02  6.30214E-04 1  1   2  0   0  0   0  0   0
'C O      ' 1.38200E+01 -1.17953E+01  1.72167E-01 -2.28885E-02  1.13491E-03 2  6   1  8   1  0   0  0   0
'F -      ' 1.14168E+01 -5.38725E+00  4.97076E-01 -6.38430E-02  3.06004E-03 2  9   1 99   1  0   0  0   0
'Cl-     ' 1.14196E+01 -5.57909E+00  5.01653E-01 -6.43142E-02  3.08220E-03 2 17   1 99   1  0   0  0   0
'NiCl    ' 1.27126E+01 -4.59434E+00  1.94955E-01 -2.55737E-02  1.25485E-03 2 28   1 17   1  0   0  0   0
'H O H     ' 2.54204E+01 -1.05223E+01  1.69394E-01 -1.83684E-02  8.17296E-04 2  1   2  8   1  0   0  0   0
'H H S     ' 2.46324E+01 -8.46160E+00  1.70141E-01 -2.02365E-02  9.57819E-04 2  1   2 16   1  0   0  0   0
'H B O     ' 2.53772E+01 -1.18244E+01  5.01805E-02 -5.38560E-03  2.54855E-04 3  5   1  1   1  8   1  0   0
'H C N     ' 2.56348E+01 -1.38332E+01  1.38267E-01 -1.81220E-02  9.16454E-04 3  1   1  6   1  7   1  0   0
'H C O     ' 2.53629E+01 -1.32129E+01  1.84508E-01 -2.29726E-02  1.11141E-03 3  1   1  6   1  8   1  0   0
'LiO H    ' 2.51219E+01 -1.06248E+01  5.03575E-01 -7.21409E-02  3.71830E-03 3  3   1  8   1  1   1  0   0
'BeH H    ' 2.41602E+01 -7.26932E+00  1.47405E-01 -2.01830E-02  1.04534E-03 2  4   1  1   2  0   0  0   0
'BeO H    ' 2.45212E+01 -1.04240E+01  2.84154E-01 -3.82035E-02  1.91778E-03 3  4   1  8   1  1   1  0   0
'BeClCl   ' 2.48641E+01 -1.01323E+01  1.41911E-01 -2.06190E-02  1.07980E-03 2  4   1 17   2  0   0  0   0
'B H H     ' 2.43681E+01 -8.58306E+00  4.50531E-02 -3.99339E-03  1.73763E-04 2  5   1  1   2  0   0  0   0
'C H H     ' 2.50524E+01 -8.41950E+00  8.22002E-02 -8.42615E-03  3.84606E-04 2  6   1  1   2  0   0  0   0
'C C H     ' 2.50630E+01 -1.22909E+01 -1.90365E-02  4.44981E-03 -2.30727E-04 2  6   2  1   1  0   0  0   0
'C C C     ' 2.52297E+01 -1.44448E+01  1.25475E-01 -1.73901E-02  8.85943E-04 1  6   3  0   0  0   0  0   0
'C C O     ' 2.57245E+01 -1.46509E+01  4.60940E-02 -7.11218E-03  4.05287E-04 2  6   2  8   1  0   0  0   0
'C O O     ' 2.74785E+01 -1.70980E+01  9.50125E-02 -1.25786E-02  6.40576E-04 2  6   1  8   2  0   0  0   0
'C O S     ' 2.67434E+01 -1.47769E+01  1.11230E-01 -1.51953E-02  7.73989E-04 3  6   1  8   1 16   1  0   0
'C S S     ' 2.66533E+01 -1.24592E+01  1.32286E-01 -1.86162E-02  9.53801E-04 2  6   1 16   2  0   0  0   0
'N H H     ' 2.46027E+01 -8.62996E+00  2.00481E-01 -2.41237E-02  1.14842E-03 2  7   1  1   2  0   0  0   0
'O AlF    ' 2.58299E+01 -1.35898E+01  2.57756E-01 -3.94409E-02  2.10301E-03 3 13   1  8   1  9   1  0   0
'O AlCl   ' 2.52736E+01 -1.13695E+01  1.81015E-01 -2.69337E-02  1.41296E-03 3 13   1  8   1 17   1  0   0
'NaO H    ' 2.46038E+01 -9.41042E+00  3.64077E-01 -5.07323E-02  2.57989E-03 3 11   1  8   1  1   1  0   0
'MgO H    ' 2.45514E+01 -9.38177E+00  1.96657E-01 -2.71777E-02  1.38871E-03 3 12   1  8   1  1   1  0   0
'MgF F    ' 2.55875E+01 -1.17332E+01  3.29730E-01 -5.01521E-02  2.65592E-03 2 12   1  9   2  0   0  0   0
'MgClCl   ' 2.46665E+01 -8.95575E+00  2.62645E-01 -3.95934E-02  2.09222E-03 2 12   1 17   2  0   0  0   0
'AlO H    ' 2.57071E+01 -1.06236E+01  9.79013E-02 -1.18352E-02  5.81210E-04 3 13   1  8   1  1   1  0   0
'AlF F    ' 2.47741E+01 -1.27799E+01  1.52830E-01 -2.04891E-02  1.01940E-03 2 13   1  9   2  0   0  0   0
'AlAlO  ' 2.61585E+01 -1.20101E+01  4.27838E-01 -6.30199E-02  3.28471E-03 2 13   2  8   1  0   0  0   0
'AlClCl   ' 2.41558E+01 -9.76179E+00  1.60440E-01 -2.14136E-02  1.06392E-03 2 13   1 17   2  0   0  0   0
'SiC C    ' 2.56232E+01 -1.30848E+01 -5.52270E-02  9.33626E-03 -4.98756E-04 2 14   1  6   2  0   0  0   0
'SiO O    ' 2.68034E+01 -1.34312E+01  1.16423E-01 -1.65331E-02  8.53869E-04 2 14   1  8   2  0   0  0   0
'SiSiC    ' 2.55494E+01 -1.17227E+01  1.71031E-01 -2.45358E-02  1.24853E-03 2 14   2  6   1  0   0  0   0
'P H H     ' 2.39575E+01 -7.70024E+00  2.56886E-01 -3.37999E-02  1.67158E-03 2 15   1  1   2  0   0  0   0
'P O O     ' 2.59389E+01 -1.26555E+01  2.73151E-01 -3.79077E-02  1.90466E-03 2 15   1  8   2  0   0  0   0
'S O O     ' 2.65472E+01 -1.18819E+01  1.91779E-01 -2.57362E-02  1.28390E-03 2 16   1  8   2  0   0  0   0
'K O H     ' 2.47978E+01 -9.74583E+00  4.78033E-01 -6.76123E-02  3.45110E-03 3 19   1  8   1  1   1  0   0
'CaO H    ' 2.46112E+01 -1.09104E+01  6.08030E-01 -8.71975E-02  4.47360E-03 3 20   1  8   1  1   1  0   0
'CaF F    ' 2.44848E+01 -1.32378E+01  5.56770E-01 -8.14202E-02  4.19976E-03 2 20   1  9   2  0   0  0   0
'CaClCl   ' 2.46113E+01 -1.06172E+01  4.73966E-01 -7.09817E-02  3.71402E-03 2 20   1 17   2  0   0  0   0
'TiO O    ' 2.79010E+01 -1.40306E+01  4.21564E-01 -6.12710E-02  3.14765E-03 2 22   1  8   2  0   0  0   0
'TiF F    ' 2.56822E+01 -1.46004E+01  1.99210E-01 -2.94509E-02  1.53526E-03 2 22   1  9   2  0   0  0   0
'TiClCl   ' 2.51572E+01 -1.09356E+01  1.87656E-01 -2.68750E-02  1.37541E-03 2 22   1 17   2  0   0  0   0
'V O O     ' 2.77537E+01 -1.40396E+01  3.36132E-01 -4.82149E-02  2.47797E-03 2 23   1  8   2  0   0  0   0
'CrO O    ' 2.85405E+01 -1.21959E+01  7.10285E-01 -1.00941E-01  5.12223E-03 2 24   1  8   2  0   0  0   0
'FeClCl   ' 2.44853E+01 -9.03309E+00  2.39527E-01 -3.58253E-02  1.87086E-03 2 26   1 17   2  0   0  0   0
'SrO H    ' 2.48631E+01 -1.11527E+01  7.14206E-01 -1.03064E-01  5.29834E-03 3 38   1  8   1  1   1  0   0
'SrF F    ' 2.44003E+01 -1.33449E+01  6.67679E-01 -9.82451E-02  5.08389E-03 2 38   1  9   2  0   0  0   0
'SrClCl   ' 2.38755E+01 -1.13477E+01  5.78654E-01 -8.66213E-02  4.52572E-03 2 38   1 17   2  0   0  0   0
'ZrO O    ' 2.67934E+01 -1.61507E+01  4.69884E-01 -6.46361E-02  3.22772E-03 2 40   1  8   2  0   0  0   0
'ZrF F    ' 2.73671E+01 -1.56078E+01  4.23890E-01 -5.74018E-02  2.83753E-03 2 40   1  9   2  0   0  0   0
'ZrClCl   ' 2.52298E+01 -1.27460E+01  4.17530E-01 -5.58026E-02  2.73287E-03 2 40   1 17   2  0   0  0   0
'BaO H    ' 2.53167E+01 -1.20330E+01  8.19545E-01 -1.14567E-01  5.74607E-03 3 56   1  8   1  1   1  0   0
'BaF F    ' 2.47125E+01 -1.42318E+01  7.78023E-01 -1.10592E-01  5.57877E-03 2 56   1  9   2  0   0  0   0
'BaClCl   ' 2.43200E+01 -1.22626E+01  6.80969E-01 -9.76155E-02  4.94488E-03 2 56   1 17   2  0   0  0   0
'H B O O    ' 3.89340E+01 -1.96241E+01  9.84029E-02 -1.08936E-02  5.17835E-04 3  5   1  8   2  1   1  0   0
'C H H H     ' 3.71978E+01 -1.34623E+01  8.72143E-02 -7.12298E-03  2.76705E-04 2  6   1  1   3  0   0  0   0
'C C H H    ' 3.81837E+01 -1.73648E+01  2.15125E-02 -8.89615E-05 -2.87196E-05 2  6   2  1   2  0   0  0   0
'C C C C' 3.74163E+01 -1.39473E+01 -3.44221E+00  7.15700E-01 -4.62669E-02 1  6   4  0   0  0   0  0   0
'C N C N    ' 4.13568E+01 -2.21720E+01  1.67003E-01 -2.34989E-02  1.25859E-03 2  6   2  7   2  0   0  0   0
'C O O -    ' 3.71801E+01 -1.98165E+01  6.77552E-01 -8.75252E-02  4.22691E-03 3  6   1  8   2 99   1  0   0
'N H H H     ' 3.75542E+01 -1.30593E+01  1.29104E-01 -1.23385E-02  5.34294E-04 2  7   1  1   3  0   0  0   0
'AlO H - ' 0. 0. 0. 0. 0. 4 1 1 13 1 8 1 99 1
'AlO O - ' 0. 0. 0. 0. 0. 3 8 2 13 1 99 1
'AlClCl- ' 0. 0. 0. 0. 0. 3 13 1 17 2 99 1
'P H H H     ' 3.83915E+01 -1.32288E+01  1.04219E+00 -1.56464E-01  8.26584E-03 2 15   1  1   3  0   0  0   0
'BeO H O H ' 4.97203E+01 -2.05144E+01  1.18638E-01 -1.53883E-02  8.04117E-04 3  4   1  8   2  1   2  0   0
'B O H O H  ' 5.02898E+01 -2.06749E+01 -7.54323E-03  3.26736E-03 -1.67937E-04 3  5   1  8   2  1   2  0   0
'C H H H H     ' 5.07774E+01 -1.79109E+01  1.41353E-02  4.45530E-03 -3.01764E-04 2  6   1  1   4  0   0  0   0
'O AlF F - ' 0. 0. 0. 0. 0. 4 8 1 13 1 9 2 99 1
'MgO H O H ' 4.84091E+01 -1.78102E+01  1.46719E-01 -1.98329E-02  1.03121E-03 3 12   1  8   2  1   2  0   0
'SiH H H H  ' 4.91571E+01 -1.37905E+01  1.14928E-03 -3.44694E-03  1.95630E-04 2 14   1  1   4  0   0  0   0
'CaO H O H ' 4.95488E+01 -1.93541E+01  4.55356E-01 -6.58410E-02  3.42522E-03 3 20   1  8   2  1   2  0   0
'FeO H O H ' 4.94081E+01 -1.81359E+01  2.06823E-01 -3.09433E-02  1.64995E-03 3 26   1  8   2  1   2  0   0
'SrO H O H ' 4.95631E+01 -1.95352E+01  5.62407E-01 -8.19921E-02  4.26841E-03 3 38   1  8   2  1   2  0   0
'BaO H O H ' 4.98434E+01 -2.04061E+01  6.66750E-01 -9.32974E-02  4.70231E-03 3 56   1  8   2  1   2  0   0
'LiO H LiO H ' 6.30666E+01 -2.29582E+01  7.67484E-01 -1.17102E-01  6.25417E-03 3  3   2  8   2  1   2  0   0
'C C H H H H ' 6.33504E+01 -2.38541E+01 -2.90326E-02  9.22192E-03 -4.95735E-04 2  6   2  1   4  0   0  0   0
'NaO H NaO H' 6.16998E+01 -1.97347E+01  3.15781E-01 -4.69342E-02  2.50555E-03 3 11   2  8   2  1   2  0   0
'AlF F F F - ' 0. 0. 0. 0. 0. 3 13 1 9 4 99 1
'AlCl    ' 1.19756E+01 -5.26278E+00 -1.02635E-02  3.93437E-03 -2.62360E-04 2 13   1 17   1  0   0  0   0
'AlF     ' 1.27557E+01 -7.52470E+00  1.75072E-01 -2.48482E-02  1.27383E-03 2 13   1  9   1  0   0  0   0
'AlH     ' 1.21913E+01 -3.91661E+00  2.55568E-01 -3.72612E-02  1.94061E-03 2 13   1  1   1  0   0  0   0
'AlO     ' 1.27393E+01 -5.92436E+00  1.82177E-01 -2.57927E-02  1.31850E-03 2 13   1  8   1  0   0  0   0
'AlS     ' 1.25198E+01 -4.55689E+00  1.95015E-01 -2.70327E-02  1.35949E-03 2 13   1 16   1  0   0  0   0
'BaCl    ' 1.29324E+01 -6.90019E+00  7.76258E-01 -1.10132E-01  5.54797E-03 2 56   1 17   1  0   0  0   0
'BaF     ' 1.26703E+01 -7.93627E+00  6.12723E-01 -8.58945E-02  4.29113E-03 2 56   1  9   1  0   0  0   0
'BaH     ' 1.23202E+01 -4.31381E+00  7.72582E-01 -1.09613E-01  5.52246E-03 2 56   1  1   1  0   0  0   0
'BaO     ' 1.30115E+01 -8.18515E+00  7.91633E-01 -1.12686E-01  5.68567E-03 2 56   1  8   1  0   0  0   0
'BaS     ' 1.30896E+01 -6.80573E+00  8.14460E-01 -1.15878E-01  5.84443E-03 2 56   1 16   1  0   0  0   0
'B Cl     ' 1.26338E+01 -6.02981E+00  1.25365E-01 -1.62255E-02  7.88462E-04 2  5   1 17   1  0   0  0   0
'BeCl    ' 1.17490E+01 -5.32248E+00  2.37932E-01 -3.35529E-02  1.70877E-03 2  4   1 17   1  0   0  0   0
'BeF     ' 1.20932E+01 -6.64793E+00  2.28631E-01 -3.20402E-02  1.62482E-03 2  4   1  9   1  0   0  0   0
'BeO     ' 1.26951E+01 -5.48234E+00  2.52059E-01 -3.56181E-02  1.81521E-03 2  4   1  8   1  0   0  0   0
'B F      ' 1.30800E+01 -8.36958E+00  1.25752E-01 -1.63135E-02  7.96446E-04 2  5   1  9   1  0   0  0   0
'B H      ' 1.23991E+01 -4.01795E+00  1.31745E-01 -1.67235E-02  8.10028E-04 2  5   1  1   1  0   0  0   0
'B O      ' 1.31112E+01 -8.85700E+00  1.27136E-01 -1.63126E-02  7.94082E-04 2  5   1  8   1  0   0  0   0
'B S      ' 1.28220E+01 -6.70466E+00  1.70345E-01 -2.30205E-02  1.14541E-03 2  5   1 16   1  0   0  0   0
'C C      ' 1.28038E+01 -6.60780E+00  9.77186E-02 -1.27393E-02  6.26035E-04 1  6   2  0   0  0   0  0   0
'CaCl    ' 1.23142E+01 -5.76138E+00  5.65319E-01 -8.28685E-02  4.28220E-03 2 20   1 17   1  0   0  0   0
'CaF     ' 1.23566E+01 -7.14716E+00  5.60243E-01 -8.22658E-02  4.25272E-03 2 20   1  9   1  0   0  0   0
'CaH     ' 1.13401E+01 -3.01442E+00  4.23487E-01 -6.14674E-02  3.16392E-03 2 20   1  1   1  0   0  0   0
'CaO     ' 1.22598E+01 -6.47349E+00  5.82844E-01 -8.58050E-02  4.44251E-03 2 20   1  8   1  0   0  0   0
'CaS     ' 1.23094E+01 -5.22181E+00  6.05463E-01 -8.89671E-02  4.59935E-03 2 20   1 16   1  0   0  0   0
'C Cl     ' 1.23361E+01 -3.97283E+00  1.72307E-01 -2.37921E-02  1.20035E-03 2  6   1 17   1  0   0  0   0
'C H      ' 1.21355E+01 -4.07599E+00  1.27676E-01 -1.54727E-02  7.26615E-04 2  6   1  1   1  0   0  0   0
'ClCl     ' 1.26195E+01 -2.88560E+00  8.18554E-02 -9.99715E-03  4.76782E-04 1 17   2  0   0  0   0  0   0
'ClO     ' 1.23224E+01 -3.31053E+00  1.37635E-01 -1.88264E-02  9.50141E-04 2 17   1  8   1  0   0  0   0
'C N      ' 1.28051E+01 -8.14934E+00  6.41622E-02 -7.36267E-03  3.46663E-04 2  6   1  7   1  0   0  0   0
'C P      ' 1.24988E+01 -5.76155E+00  1.23609E-01 -1.74113E-02  8.97797E-04 2  6   1 15   1  0   0  0   0
'CrH     ' 1.22974E+01 -4.45051E+00  5.00792E-01 -7.13060E-02  3.62238E-03 2 24   1  1   1  0   0  0   0
'CrO     ' 1.35131E+01 -6.18823E+00  5.87687E-01 -8.48086E-02  4.33216E-03 2 24   1  8   1  0   0  0   0
'C S      ' 1.34357E+01 -8.05736E+00  1.87544E-01 -2.55069E-02  1.27346E-03 2  6   1 16   1  0   0  0   0
'CuCl    ' 1.33222E+01 -4.75372E+00  2.32240E-01 -3.18488E-02  1.58770E-03 2 29   1 17   1  0   0  0   0
'CuF     ' 1.26471E+01 -5.49502E+00  3.35965E-01 -4.79931E-02  2.44410E-03 2 29   1  9   1  0   0  0   0
'CuH     ' 1.21518E+01 -3.78500E+00  3.09765E-01 -4.33886E-02  2.19329E-03 2 29   1  1   1  0   0  0   0
'CuO     ' 1.21756E+01 -3.51470E+00  2.04849E-01 -2.82166E-02  1.40747E-03 2 29   1  8   1  0   0  0   0
'CuS     ' 1.25115E+01 -3.98365E+00  3.77499E-01 -5.40676E-02  2.75454E-03 2 29   1 16   1  0   0  0   0
'F F      ' 1.29994E+01 -2.02215E+00  1.00213E-01 -1.36564E-02  6.92310E-04 1  9   2  0   0  0   0  0   0
'FeCl    ' 1.21477E+01 -4.01579E+00  3.44484E-01 -4.92487E-02  2.50981E-03 2 26   1 17   1  0   0  0   0
'FeF     ' 1.30568E+01 -5.82538E+00  3.74474E-01 -5.30300E-02  2.69032E-03 2 26   1  9   1  0   0  0   0
'FeO     ' 1.29845E+01 -5.27982E+00  3.17452E-01 -4.45649E-02  2.25240E-03 2 26   1  8   1  0   0  0   0
'F O      ' 1.25291E+01 -2.75374E+00  1.14890E-01 -1.47910E-02  7.16915E-04 2  9   1  8   1  0   0  0   0
'GeCl    ' 1.19202E+01 -4.99487E+00  1.56097E-01 -2.58979E-02  1.74832E-03 2 32   1 17   1  0   0  0   0
'GeF     ' 1.21304E+01 -5.46883E+00  9.35744E-02 -1.31153E-02  7.90895E-04 2 32   1  9   1  0   0  0   0
'GeH     ' 1.14450E+01 -3.72239E+00  2.65352E-02  2.49476E-03 -4.38888E-04 2 32   1  1   1  0   0  0   0
'GeO     ' 1.30225E+01 -7.12752E+00 -2.56028E-02  1.83690E-02 -1.99339E-03 2 32   1  8   1  0   0  0   0
'GeS     ' 1.30627E+01 -6.56295E+00  2.83567E-01 -5.30424E-02  3.84065E-03 2 32   1 16   1  0   0  0   0
'H Cl     ' 1.25277E+01 -5.19270E+00  1.81172E-01 -2.40142E-02  1.19942E-03 2  1   1 17   1  0   0  0   0
'H F      ' 1.24440E+01 -6.02993E+00 -5.50589E-02  1.33628E-02 -8.18799E-04 2  1   1  9   1  0   0  0   0
'H I      ' 1.21295E+01 -3.59268E+00  1.07641E-01 -1.30232E-02  6.13434E-04 2  1   1 53   1  0   0  0   0
'K Cl     ' 1.21734E+01 -5.64605E+00  4.32603E-01 -6.29154E-02  3.24007E-03 2 19   1 17   1  0   0  0   0
'K F      ' 1.24480E+01 -6.37719E+00  4.29740E-01 -6.27196E-02  3.23395E-03 2 19   1  9   1  0   0  0   0
'K H      ' 1.14166E+01 -2.79688E+00  2.87066E-01 -4.09643E-02  2.08967E-03 2 19   1  1   1  0   0  0   0
'K O      ' 1.19399E+01 -4.07432E+00  4.49009E-01 -6.57415E-02  3.39402E-03 2 19   1  8   1  0   0  0   0
'LaF     ' 1.33667E+01 -7.02136E+00  2.15300E-01 -2.52290E-02  1.11309E-03 2 57   1  9   1  0   0  0   0
'LaO     ' 1.32050E+01 -8.82958E+00  1.08910E-01 -9.24302E-03  2.78816E-04 2 57   1  8   1  0   0  0   0
'LaS     ' 1.33274E+01 -6.91479E+00  2.59718E-01 -3.17835E-02  1.45125E-03 2 57   1 16   1  0   0  0   0
'LiCl    ' 1.20145E+01 -5.66908E+00  2.55583E-01 -3.69367E-02  1.90539E-03 2  3   1 17   1  0   0  0   0
'LiF     ' 1.24491E+01 -6.82101E+00  2.85775E-01 -4.16715E-02  2.15772E-03 2  3   1  9   1  0   0  0   0
'LiH     ' 1.17824E+01 -3.44331E+00  3.27412E-01 -4.84559E-02  2.53356E-03 2  3   1  1   1  0   0  0   0
'LiO     ' 1.23622E+01 -4.54966E+00  3.40687E-01 -5.00589E-02  2.60132E-03 2  3   1  8   1  0   0  0   0
'MgCl    ' 1.13182E+01 -3.99836E+00  2.11366E-01 -3.01742E-02  1.54799E-03 2 12   1 17   1  0   0  0   0
'MgF     ' 1.17270E+01 -5.56789E+00  2.46722E-01 -3.57525E-02  1.84648E-03 2 12   1  9   1  0   0  0   0
'MgH     ' 1.12853E+01 -2.05637E+00  1.96585E-01 -2.73103E-02  1.38164E-03 2 12   1  1   1  0   0  0   0
'MgO     ' 1.17018E+01 -4.48461E+00  2.96408E-01 -4.28111E-02  2.20232E-03 2 12   1  8   1  0   0  0   0
'MgS     ' 1.21744E+01 -3.40766E+00  3.17728E-01 -4.57925E-02  2.34911E-03 2 12   1 16   1  0   0  0   0
'MnCl    ' 1.20970E+01 -4.93384E+00  3.99484E-01 -5.80890E-02  2.99444E-03 2 25   1 17   1  0   0  0   0
'MnF     ' 1.23820E+01 -5.57499E+00  3.97334E-01 -5.79227E-02  2.98775E-03 2 25   1  9   1  0   0  0   0
'MnH     ' 1.17358E+01 -3.79739E+00  4.16093E-01 -6.05281E-02  3.12467E-03 2 25   1  1   1  0   0  0   0
'MnH     ' 1.17358E+01 -3.79739E+00  4.16093E-01 -6.05281E-02  3.12467E-03 2 25   1  1   1  0   0  0   0
'MnO     ' 1.32463E+01 -5.01189E+00  4.31254E-01 -6.30932E-02  3.26065E-03 2 25   1  8   1  0   0  0   0
'MnS     ' 1.31506E+01 -4.23811E+00  4.57369E-01 -6.68490E-02  3.45206E-03 2 25   1 16   1  0   0  0   0
'N N      ' 1.35903E+01 -1.05855E+01  2.20671E-01 -2.99975E-02  1.49927E-03 1  7   2  0   0  0   0  0   0
'NaCl    ' 1.17682E+01 -5.00838E+00  2.39753E-01 -3.48374E-02  1.80345E-03 2 11   1 17   1  0   0  0   0
'NaF     ' 1.21873E+01 -6.19585E+00  2.78477E-01 -4.08644E-02  2.12234E-03 2 11   1  9   1  0   0  0   0
'NaH     ' 1.14155E+01 -2.59179E+00  1.96460E-01 -2.73828E-02  1.38445E-03 2 11   1  1   1  0   0  0   0
'NaO     ' 1.17987E+01 -3.60424E+00  3.32658E-01 -4.84233E-02  2.49700E-03 2 11   1  8   1  0   0  0   0
'NbO     ' 1.41864E+01 -9.68720E+00  7.80002E-01 -1.59796E-01  1.20681E-02 2 41   1  8   1  0   0  0   0
'N H      ' 1.20327E+01 -4.09349E+00  1.36286E-01 -1.66427E-02  7.86913E-04 2  7   1  1   1  0   0  0   0
'NiF     ' 1.30268E+01 -4.58713E+00  1.90903E-01 -2.51026E-02  1.23248E-03 2 28   1  9   1  0   0  0   0
'NiH     ' 1.25203E+01 -3.90007E+00  1.96303E-01 -2.53774E-02  1.24117E-03 2 28   1  1   1  0   0  0   0
'NiO     ' 1.30129E+01 -4.67806E+00  2.10761E-01 -2.82512E-02  1.40004E-03 2 28   1  8   1  0   0  0   0
'N O      ' 1.28310E+01 -7.18344E+00  1.73495E-01 -2.30652E-02  1.13799E-03 2  7   1  8   1  0   0  0   0
'N S      ' 1.25433E+01 -5.54626E+00  2.09011E-01 -2.89865E-02  1.46211E-03 2  7   1 16   1  0   0  0   0
'O O      ' 1.32282E+01 -5.51407E+00  6.99354E-02 -8.15109E-03  3.79699E-04 1  8   2  0   0  0   0  0   0
'O H      ' 1.23710E+01 -5.06783E+00  1.38217E-01 -1.65474E-02  7.72245E-04 2  8   1  1   1  0   0  0   0
'P Cl     ' 1.20240E+01 -3.89148E+00  2.44322E-01 -3.39665E-02  1.70627E-03 2 15   1 17   1  0   0  0   0
'P F      ' 1.24263E+01 -5.53137E+00  2.47703E-01 -3.47656E-02  1.75754E-03 2 15   1  9   1  0   0  0   0
'P H      ' 1.20802E+01 -4.14988E+00  3.41137E-01 -4.87959E-02  2.50567E-03 2 15   1  1   1  0   0  0   0
'P N      ' 1.32885E+01 -7.16001E+00  4.27279E-01 -6.25640E-02  3.24122E-03 2  7   1 15   1  0   0  0   0
'P O      ' 1.28523E+01 -7.23085E+00  3.42006E-01 -4.94632E-02  2.54448E-03 2 15   1  8   1  0   0  0   0
'P S      ' 1.23656E+01 -5.43672E+00  2.74423E-01 -3.88096E-02  1.96464E-03 2 15   1 16   1  0   0  0   0
'RbCl    ' 1.13656E+01 -4.77047E+00  1.01159E-01 -1.26292E-02  5.97431E-04 2 37   1 17   1  0   0  0   0
'RbF     ' 1.16542E+01 -5.42392E+00  1.00785E-01 -1.28756E-02  6.17091E-04 2 37   1  9   1  0   0  0   0
'RbH     ' 1.06025E+01 -1.75156E+00 -4.44764E-02  9.26409E-03 -5.47395E-04 2 37   1  1   1  0   0  0   0
'S S      ' 1.29599E+01 -5.03819E+00  1.80270E-01 -2.43241E-02  1.20489E-03 1 16   2  0   0  0   0  0   0
'ScF     ' 1.36649E+01 -7.59351E+00  4.60135E-01 -6.65441E-02  3.40948E-03 2 21   1  9   1  0   0  0   0
'ScO     ' 1.37467E+01 -8.44296E+00  4.80722E-01 -6.96697E-02  3.57468E-03 2 21   1  8   1  0   0  0   0
'ScS     ' 1.34996E+01 -6.48099E+00  5.04577E-01 -7.31175E-02  3.74880E-03 2 21   1 16   1  0   0  0   0
'H S      ' 1.20194E+01 -4.24225E+00  1.49131E-01 -1.86662E-02  8.94376E-04 2  1   1 16   1  0   0  0   0
'SiC     ' 1.23274E+01 -5.12190E+00  1.39410E-01 -1.93630E-02  9.62017E-04 2 14   1  6   1  0   0  0   0
'SiCl    ' 1.20092E+01 -4.73734E+00  1.30021E-01 -1.69503E-02  8.22418E-04 2 14   1 17   1  0   0  0   0
'SiF     ' 1.24272E+01 -6.20026E+00  1.66854E-01 -2.27883E-02  1.13711E-03 2 14   1  9   1  0   0  0   0
'SiH     ' 1.18522E+01 -3.72185E+00  1.59988E-01 -2.06292E-02  9.98967E-04 2 14   1  1   1  0   0  0   0
'SiN     ' 1.23989E+01 -5.48756E+00  9.53008E-02 -1.33693E-02  6.93956E-04 2 14   1  7   1  0   0  0   0
'SiO     ' 1.34132E+01 -8.89098E+00  1.50424E-01 -1.95811E-02  9.48283E-04 2 14   1  8   1  0   0  0   0
'SiS     ' 1.31818E+01 -7.15469E+00  1.93002E-01 -2.58256E-02  1.26482E-03 2 14   1 16   1  0   0  0   0
'S O      ' 1.29292E+01 -5.98897E+00  1.62527E-01 -2.16652E-02  1.06757E-03 2 16   1  8   1  0   0  0   0
'SrCl    ' 1.22312E+01 -6.11258E+00  6.73159E-01 -9.90344E-02  5.12413E-03 2 38   1 17   1  0   0  0   0
'SrF     ' 1.23181E+01 -7.22137E+00  5.60102E-01 -8.19943E-02  4.22812E-03 2 38   1  9   1  0   0  0   0
'SrH     ' 1.18272E+01 -3.63042E+00  6.71893E-01 -9.89271E-02  5.12258E-03 2 38   1  1   1  0   0  0   0
'SrO     ' 1.24581E+01 -6.88081E+00  6.91678E-01 -1.02160E-01  5.29547E-03 2 38   1  8   1  0   0  0   0
'SrS     ' 1.25200E+01 -5.54835E+00  7.14051E-01 -1.05266E-01  5.44913E-03 2 38   1 16   1  0   0  0   0
'TiO     ' 1.33981E+01 -8.17562E+00  4.08726E-01 -5.79369E-02  2.92873E-03 2 22   1  8   1  0   0  0   0
'TiS     ' 1.33157E+01 -6.24161E+00  4.58293E-01 -6.49035E-02  3.27880E-03 2 22   1 16   1  0   0  0   0
'V O      ' 1.38111E+01 -7.70197E+00  3.70559E-01 -5.14671E-02  2.58608E-03 2 23   1  8   1  0   0  0   0
'Y Cl     ' 1.33007E+01 -4.98346E+00  4.68190E-01 -6.71767E-02  3.43000E-03 2 39   1 17   1  0   0  0   0
'Y F      ' 1.36035E+01 -7.65950E+00  4.64241E-01 -6.67616E-02  3.41154E-03 2 39   1  9   1  0   0  0   0
'Y O      ' 1.35143E+01 -8.60752E+00  4.06998E-01 -5.80535E-02  2.95346E-03 2 39   1  8   1  0   0  0   0
'Y S      ' 1.35121E+01 -7.02514E+00  5.11736E-01 -7.38574E-02  3.78113E-03 2 39   1 16   1  0   0  0   0
'ZrN     ' 1.38147E+01 -7.43350E+00  4.78696E-01 -6.59346E-02  3.28551E-03 2 40   1  7   1  0   0  0   0
'ZrO     ' 1.32965E+01 -8.49294E+00  1.95621E-01 -2.98922E-02  1.60101E-03 2 40   1  8   1  0   0  0   0
'CeO     ' 1.33605E+01 -9.11694E+00  2.38431E-01 -2.91627E-02  1.33433E-03 2 58   1  8   1  0   0  0   0
'H H +' 0. 0. 0. 0. 0. 2 1 2 99 -1
'H H H +' 0. 0. 0. 0. 0. 2 1 3 99 -1
'FeH ' 0. 0. 0. 0. 0. 2 1 1 26 1
'TiO + ' 0. 0. 0. 0. 0. 3 8 1 22 1 99 -1
'ZrO + ' 0. 0. 0. 0. 0. 3 8 1 40 1 99 -1
'LaO + ' 0. 0. 0. 0. 0. 3 8 1 57 1 99 -1
'C C C H     ' 4.07912E+01 -2.17625E+01  9.33772E-01 -1.38630E-01  7.45491E-03 2  6   3  1   1  0   0  0   0
'C C N     ' 2.54659E+01 -1.44502E+01  1.59415E-01 -2.38296E-02  1.25855E-03 2  6   2  7   1  0   0  0   0
'B B O     ' 2.64072E+01 -1.37950E+01  1.65079E-01 -2.15281E-02  1.05980E-03 2  5   2  8   1  0   0  0   0
'C -      ' 1.09594E+01 -3.13271E+00  4.78683E-01 -6.10419E-02  2.91025E-03 2  6   1 99   1  0   0  0   0
'C H -     ' 2.29553E+01 -7.68549E+00  6.52843E-01 -8.38504E-02  4.03306E-03 3  6   1  1   1 99   1  0   0
'N O O -    ' 3.70221E+01 -1.64391E+01  7.10950E-01 -9.34645E-02  4.56408E-03 3  7   1  8   2 99   1  0   0
'N H H -    ' 3.55383E+01 -1.19959E+01  6.93448E-01 -8.73492E-02  4.17317E-03 3  7   1  1   2 99   1  0   0
'N N H H    ' 3.78025E+01 -1.29883E+01  1.65072E-01 -2.00265E-02  9.84841E-04 2  7   2  1   2  0   0  0   0
'N N H H H H ' 6.17540E+01 -1.84260E+01  8.03459E-03  3.44360E-03 -2.00098E-04 2  7   2  1   4  0   0  0   0
'C N N     ' 2.57026E+01 -1.17813E+01  1.71301E-01 -2.38743E-02  1.22130E-03 2  6   1  7   2  0   0  0   0
'N C N     ' 2.55405E+01 -1.32730E+01  1.60753E-01 -2.35531E-02  1.22818E-03 2  7   2  6   1  0   0  0   0
'C C C C N N ' 6.51015E+01 -3.39717E+01 -2.56280E-03 -2.13767E-03  2.23775E-04 2  6   4  7   2  0   0  0   0
'N O O     ' 2.63273E+01 -1.05124E+01  2.02429E-01 -2.71888E-02  1.35933E-03 2  7   1  8   2  0   0  0   0
'N O O O     ' 3.98172E+01 -1.24186E+01  1.22220E-01 -1.72477E-02  8.97527E-04 2  7   1  8   3  0   0  0   0
'N N O     ' 2.64910E+01 -1.21085E+01  1.57380E-01 -2.25474E-02  1.17848E-03 2  7   2  8   1  0   0  0   0
'N N O O O O ' 6.54325E+01 -2.02024E+01  1.84718E-02 -4.82021E-03  3.56065E-04 2  7   2  8   4  0   0  0   0
'H N O     ' 2.52581E+01 -9.55417E+00  1.94622E-01 -2.48120E-02  1.21294E-03 3  1   1  7   1  8   1  0   0
'H N O O    ' 3.81722E+01 -1.38136E+01  1.38854E-01 -1.78827E-02  9.02095E-04 3  1   1  7   1  8   2  0   0
'H N O O O    ' 5.17869E+01 -1.67438E+01  5.55429E-02 -6.65675E-03  3.59552E-04 3  1   1  7   1  8   3  0   0
'H C N O    ' 3.87737E+01 -1.91259E+01  1.46437E-01 -1.80932E-02  8.85910E-04 4  1   1  6   1  7   1  8   1
'O -      ' 1.08606E+01 -3.44834E+00  5.17816E-01 -6.71254E-02  3.23531E-03 2  8   1 99   1  0   0  0   0
'O O -     ' 2.37239E+01 -8.03454E+00  6.31270E-01 -8.16737E-02  3.93795E-03 2  8   2 99   1  0   0  0   0
'H C H O    ' 3.83834E+01 -1.63975E+01  8.37728E-02 -7.44101E-03  3.13369E-04 3  1   2  6   1  8   1  0   0
'AlO O    ' 2.53565E+01 -8.72854E+00  9.23070E-02 -1.37440E-02  7.26892E-04 2 13   1  8   2  0   0  0   0
'Si-     ' 1.06289E+01 -2.98356E+00  3.78180E-01 -4.72909E-02  2.24051E-03 2 14   1 99   1  0   0  0   0
'SiH H    ' 2.46639E+01 -6.88731E+00  8.37099E-02 -1.00585E-02  4.92906E-04 2 14   1  1   2  0   0  0   0
'SiH H H    ' 3.63292E+01 -1.05562E+01  8.09447E-02 -8.62120E-03  3.98643E-04 2 14   1  1   3  0   0  0   0
'SiSiC C   ' 3.87405E+01 -1.75476E+01  1.15866E-01 -1.81260E-02  9.67168E-04 2 14   2  6   2  0   0  0   0
'SiF F    ' 2.61191E+01 -1.38470E+01  3.34239E-01 -4.77837E-02  2.44846E-03 2 14   1  9   2  0   0  0   0
'SiClCl   ' 2.49571E+01 -9.61990E+00  2.37779E-01 -3.26086E-02  1.63365E-03 2 14   1 17   2  0   0  0   0
'P F F     ' 2.52106E+01 -1.05016E+01  2.41606E-01 -3.33863E-02  1.67674E-03 2 15   1  9   2  0   0  0   0
'S S O     ' 2.57983E+01 -9.71473E+00  2.02815E-01 -2.71519E-02  1.34122E-03 2 16   2  8   1  0   0  0   0
'S O O O     ' 4.14657E+01 -1.64982E+01  6.00366E-01 -9.07221E-02  4.79924E-03 2 16   1  8   3  0   0  0   0
'C ClCl    ' 2.52008E+01 -7.28757E+00  1.50292E-01 -1.93432E-02  9.43236E-04 2  6   1 17   2  0   0  0   0
'C ClClCl    ' 3.76452E+01 -1.06507E+01  4.84984E-02 -5.59958E-03  2.67319E-04 2  6   1 17   3  0   0  0   0
'C ClClClCl ' 5.20452E+01 -1.42931E+01  2.54071E-01 -3.97836E-02  2.16224E-03 2  6   1 17   4  0   0  0   0
'ClO O    ' 2.59251E+01 -6.30906E+00  3.01334E-01 -4.39689E-02  2.29387E-03 2 17   1  8   2  0   0  0   0
'ClClO    ' 2.56516E+01 -5.15529E+00  2.88211E-01 -4.08833E-02  2.09767E-03 2 17   2  8   1  0   0  0   0
'S Cl     ' 1.18391E+01 -3.10696E+00  8.33656E-02 -1.05587E-02  5.12083E-04 2 16   1 17   1  0   0  0   0
'S ClCl    ' 2.49568E+01 -6.39973E+00  2.16059E-01 -2.95231E-02  1.48204E-03 2 16   1 17   2  0   0  0   0
'H ClO    ' 2.49605E+01 -7.79148E+00  1.54108E-01 -1.82326E-02  8.57995E-04 3  1   1 17   1  8   1  0   0
'C ClO    ' 2.51179E+01 -1.25523E+01  1.62836E-01 -2.09498E-02  1.02008E-03 3  6   1 17   1  8   1  0   0
'ScSc     ' 1.36087E+01 -3.49198E+00  8.24013E-01 -1.21341E-01  6.26879E-03 1 21   2  0   0  0   0  0   0
'ScN     ' 1.37717E+01 -6.45311E+00  5.27539E-01 -7.70004E-02  3.96840E-03 2 21   1  7   1  0   0  0   0
'ScO O    ' 2.69090E+01 -1.58243E+01  3.99990E-01 -5.93631E-02  3.08752E-03 2 21   1  8   2  0   0  0   0
'ScScO    ' 2.76353E+01 -1.31485E+01  8.43225E-01 -1.23867E-01  6.39695E-03 2 21   2  8   1  0   0  0   0
'TiC C    ' 2.70183E+01 -1.35336E+01  4.58750E-01 -6.61584E-02  3.38337E-03 2 22   1  6   2  0   0  0   0
'TiF     ' 1.25753E+01 -7.01955E+00  3.84245E-01 -5.66230E-02  2.91786E-03 2 22   1  9   1  0   0  0   0
'TiCl    ' 1.23047E+01 -5.65636E+00  3.86648E-01 -5.67597E-02  2.92045E-03 2 22   1 17   1  0   0  0   0
'V C C   ' 2.72791E+01 -1.33367E+01  3.69988E-01 -5.26615E-02  2.68939E-03 2 23   1  6   2  0   0  0   0
'V N      ' 1.42087E+01 -6.38241E+00  4.44030E-01 -6.26312E-02  3.17247E-03 2 23   1  7   1  0   0  0   0
'V F F     ' 2.51448E+01 -1.38119E+01  2.79138E-01 -3.95711E-02  2.01049E-03 2 23   1  9   2  0   0  0   0
'V ClCl    ' 2.45925E+01 -1.08863E+01  2.90086E-01 -4.09513E-02  2.08056E-03 2 23   1 17   2  0   0  0   0
'CrN     ' 1.39279E+01 -5.75400E+00  6.30073E-01 -9.13532E-02  4.67965E-03 2 24   1  7   1  0   0  0   0
'CrF     ' 1.38202E+01 -6.30902E+00  5.67869E-01 -8.18114E-02  4.17411E-03 2 24   1  9   1  0   0  0   0
'CrF F    ' 2.47276E+01 -1.13410E+01  4.73131E-01 -6.96311E-02  3.59522E-03 2 24   1  9   2  0   0  0   0
'CrCl    ' 1.35463E+01 -5.45493E+00  5.68918E-01 -8.17186E-02  4.16338E-03 2 24   1 17   1  0   0  0   0
'CrClCl   ' 2.41564E+01 -9.34496E+00  4.72265E-01 -6.89130E-02  3.54222E-03 2 24   1 17   2  0   0  0   0
'MnO O    ' 2.59561E+01 -1.05280E+01  3.53445E-01 -5.33936E-02  2.81004E-03 2 25   1  8   2  0   0  0   0
'MnS S    ' 2.59237E+01 -7.49660E+00  4.00387E-01 -5.99806E-02  3.13852E-03 2 25   1 16   2  0   0  0   0
'MnF F    ' 2.41105E+01 -1.04973E+01  3.24402E-01 -4.92499E-02  2.60134E-03 2 25   1  9   2  0   0  0   0
'MnClCl   ' 2.35236E+01 -9.02256E+00  3.23944E-01 -4.85866E-02  2.55079E-03 2 25   1 17   2  0   0  0   0
'FeS     ' 1.38551E+01 -4.63279E+00  4.15559E-01 -5.90259E-02  2.99605E-03 2 26   1 16   1  0   0  0   0
'FeF F    ' 2.49698E+01 -1.06093E+01  2.30776E-01 -3.52354E-02  1.85810E-03 2 26   1  9   2  0   0  0   0
'SrSrO    ' 2.57710E+01 -1.15958E+01  1.15953E+00 -1.74808E-01  9.15186E-03 2 38   2  8   1  0   0  0   0
'Y C C     ' 2.66854E+01 -1.42487E+01  4.49075E-01 -6.58154E-02  3.40468E-03 2 39   1  6   2  0   0  0   0
'Y C C C C ' 5.26239E+01 -2.66961E+01  3.59956E-01 -5.61891E-02  3.02228E-03 2 39   1  6   4  0   0  0   0
'Y O O     ' 2.67645E+01 -1.64470E+01  3.99913E-01 -5.89164E-02  3.05056E-03 2 39   1  8   2  0   0  0   0
'Y Y O     ' 2.74674E+01 -1.37718E+01  8.47133E-01 -1.23553E-01  6.35729E-03 2 39   2  8   1  0   0  0   0
'Y F F     ' 2.58734E+01 -1.37665E+01  3.61694E-01 -5.31677E-02  2.74947E-03 2 39   1  9   2  0   0  0   0
'ZrH     ' 1.27508E+01 -4.78898E+00  4.19499E-01 -5.66536E-02  2.79418E-03 2 40   1  1   1  0   0  0   0
'ZrC C    ' 2.77249E+01 -1.45345E+01  3.92034E-01 -5.38324E-02  2.68096E-03 2 40   1  6   2  0   0  0   0
'ZrS     ' 1.36944E+01 -7.40244E+00  4.61329E-01 -6.30044E-02  3.12238E-03 2 40   1 16   1  0   0  0   0
'ZrF     ' 1.33407E+01 -7.86936E+00  4.12764E-01 -5.57605E-02  2.74396E-03 2 40   1  9   1  0   0  0   0
'ZrCl    ' 1.30733E+01 -6.37894E+00  4.24106E-01 -5.74623E-02  2.83769E-03 2 40   1 17   1  0   0  0   0
'BaBaO    ' 2.69696E+01 -1.28342E+01  1.36700E+00 -1.97186E-01  1.00094E-02 2 56   2  8   1  0   0  0   0
'LaC C    ' 2.66009E+01 -1.37801E+01  2.01855E-01 -2.45775E-02  1.12268E-03 2 57   1  6   2  0   0  0   0
'LaN     ' 1.35158E+01 -6.83990E+00  2.80962E-01 -3.53990E-02  1.65512E-03 2 57   1  7   1  0   0  0   0
'LaO O    ' 2.65495E+01 -1.64553E+01  1.51835E-01 -1.75905E-02  7.65416E-04 2 57   1  8   2  0   0  0   0
'LaLaO    ' 2.70224E+01 -1.30180E+01  3.57959E-01 -4.20945E-02  1.85596E-03 2 57   2  8   1  0   0  0   0
'LaLaO O   ' 4.01074E+01 -2.15514E+01  2.89446E-01 -3.40778E-02  1.50347E-03 2 57   2  8   2  0   0  0   0
'LaF F    ' 2.56309E+01 -1.37170E+01  1.28572E-01 -1.44744E-02  6.18317E-04 2 57   1  9   2  0   0  0   0
'CeC C    ' 2.66353E+01 -1.40518E+01  2.08487E-01 -2.60956E-02  1.22165E-03 2 58   1  6   2  0   0  0   0
'CeO O    ' 2.65071E+01 -1.67753E+01  1.63098E-01 -1.98458E-02  9.04016E-04 2 58   1  8   2  0   0  0   0
'CeS     ' 1.28878E+01 -6.88265E+00  2.63539E-01 -3.28229E-02  1.52135E-03 2 58   1 16   1  0   0  0   0
'CeF     ' 1.30760E+01 -6.96769E+00  2.16080E-01 -2.57263E-02  1.15112E-03 2 58   1  9   1  0   0  0   0
'NdC C    ' 2.66823E+01 -1.31053E+01  1.26087E-01 -1.71019E-02  8.53464E-04 2 60   1  6   2  0   0  0   0
'NdO     ' 1.34426E+01 -7.96395E+00  1.62517E-01 -2.13285E-02  1.03488E-03 2 60   1  8   1  0   0  0   0
'NdO O    ' 2.65354E+01 -1.60130E+01  8.70576E-02 -1.20053E-02  6.04196E-04 2 60   1  8   2  0   0  0   0
'NdF     ' 1.29166E+01 -6.45105E+00  1.38735E-01 -1.76065E-02  8.34130E-04 2 60   1  9   1  0   0  0   0
'NdF F    ' 2.55469E+01 -1.20942E+01  4.22357E-02 -5.10597E-03  2.36412E-04 2 60   1  9   2  0   0  0   0
'N N N H     ' 3.79766E+01 -1.47070E+01  3.14935E-01 -8.15814E-02  7.53253E-03 2  7   3  1   1  0   0  0   0
'C C H H H H H H' 8.81628E+01 -3.02309E+01  7.80244E-02 -1.45779E-03 -4.00717E-04 2  6   2  1   6  0   0  0   0
'H C C C N ' 5.03142E+01 -2.49662E+01 -2.92923E-01  5.89262E-02 -4.17683E-03 3  1   1  6   3  7   1  0   0
'C C C C C H ' 7.18040E+01 -3.94029E+01  3.75319E+00 -7.52366E-01  5.44019E-02 2  6   5  1   1  0   0  0   0
'C C H H H' 5.00300E+01 -1.93332E+01  7.50687E-02 -1.27952E-02  1.16544E-03 2  6   2  1   3  0   0  0   0
'C C C C H H H ' 7.53904E+01 -3.24423E+01 -2.23846E-01  8.24096E-02 -8.33807E-03 2  6   4  1   3  0   0  0   0
'C C C C H H H H' 8.72855E+01 -3.53844E+01 -3.24513E-01  6.37727E-02 -4.26337E-03 2  6   4  1   4  0   0  0   0
'C C C C H' 5.32097E+01 -2.83938E+01  1.48513E+00 -3.09402E-01  2.33092E-02 2  6   4  1   1  0   0  0   0
'C C C C H H' 6.30326E+01 -2.85328E+01 -4.88889E-01  9.98189E-02 -7.20409E-03 2  6   4  1   2  0   0  0   0
'C C C H H H ' 6.33477E+01 -2.68077E+01  4.12414E-01 -9.92055E-02  8.57900E-03 2  6   3  1   3  0   0  0   0
'C C C H H ' 5.31743E+01 -2.63793E+01  2.15102E+00 -4.79247E-01  3.78753E-02 2  6   3  1   2  0   0  0   0
'C C C C N  ' 5.38109E+01 -2.91747E+01  8.26210E-01 -1.58124E-01  1.07915E-02 2  6   4  7   1  0   0  0   0
'C H H H C N' 6.29148E+01 -2.52225E+01 -3.59036E-01  7.62797E-02 -5.38137E-03 3  6   2  1   3  7   1  0   0
'C C C H H H H' 7.53830E+01 -2.93318E+01 -2.59196E-01  5.38528E-02 -3.61693E-03 2  6   3  1   4  0   0  0   0
'C C C N ' 4.07970E+01 -2.49643E+01  1.69769E+00 -3.55145E-01  2.67983E-02 2  6   3  7   1  0   0  0   0
