920.963	1.0	0	-2.493	Ly_10
923.15	1.0	0	-2.353	Ly_9
926.226	1.0	0	-2.196	Ly_8
930.748	1.0	0	-2.016	Ly_7
937.803	1.0	0	-1.807	Lyepsilon
949.743	1.0	0	-1.555	Lydelta
972.537	1.0	0	-1.237	Lygamma
1025.722	1.0	0	-0.801	Lybeta
1215.671	1.0	0	-0.08	Lyalpha
3666.095	1.0	10.199	-2.85	H_27
3667.682	1.0	10.199	-2.801	H_26
3669.464	1.0	10.199	-2.749	H_25
3671.476	1.0	10.199	-2.695	H_24
3673.759	1.0	10.199	-2.639	H_23
3676.363	1.0	10.199	-2.58	H_22
3679.353	1.0	10.199	-2.518	H_21
3682.808	1.0	10.199	-2.453	H_20
3686.831	1.0	10.199	-2.385	H_19
3691.555	1.0	10.199	-2.313	H_18
3697.152	1.0	10.199	-2.237	H_17
3703.853	1.0	10.199	-2.155	H_16
3711.971	1.0	10.199	-2.068	H_15
3721.939	1.0	10.199	-1.975	H_14
3734.368	1.0	10.199	-1.874	H_13
3750.152	1.0	10.199	-1.764	H_12
3770.63	1.0	10.199	-1.644	H_11
3797.898	1.0	10.199	-1.511	H_10
3835.384	1.0	10.199	-1.362	H_9
3889.048	1.0	10.199	-1.192	H_8
3970.072	1.0	10.199	-0.993	Hepsilon
4101.734	1.0	10.199	-0.753	Hdelta
4340.462	1.0	10.199	-0.447	Hgamma
4861.323	1.0	10.199	-0.02	Hbeta
6562.797	1.0	10.199	0.71	Halpha
8298.839	1.0	12.088	-2.348	Pa_28
8306.116	1.0	12.088	-2.299	Pa_27
8314.265	1.0	12.088	-2.249	Pa_26
8323.429	1.0	12.088	-2.196	Pa_25
8333.787	1.0	12.088	-2.141	Pa_24
8345.557	1.0	12.088	-2.084	Pa_23
8359.008	1.0	12.088	-2.024	Pa_22
8374.479	1.0	12.088	-1.961	Pa_21
8392.401	1.0	12.088	-1.895	Pa_20
8413.322	1.0	12.088	-1.824	Pa_19
8437.959	1.0	12.088	-1.75	Pa_18
8467.258	1.0	12.088	-1.671	Pa_17
8502.487	1.0	12.088	-1.587	Pa_16
8545.387	1.0	12.088	-1.496	Pa_15
8598.396	1.0	12.088	-1.398	Pa_14
8665.022	1.0	12.088	-1.292	Pa_13
8750.476	1.0	12.088	-1.175	Pa_12
8862.787	1.0	12.088	-1.046	Pa_11
9014.913	1.0	12.088	-0.901	Pa_10
9229.017	1.0	12.088	-0.735	Pa_9
9545.973	1.0	12.088	-0.54	Paepsilon
10049.373	1.0	12.088	-0.303	Padelta
10938.093	1.0	12.088	0.002	Pagamma
12818.077	1.0	12.088	0.433	Pabeta
14867.025	1.0	12.749	-2.001	Br_29
14888.017	1.0	12.749	-1.954	Br_28
14911.454	1.0	12.749	-1.904	Br_27
14937.736	1.0	12.749	-1.853	Br_26
14967.344	1.0	12.749	-1.799	Br_25
15000.87	1.0	12.749	-1.743	Br_24
15039.047	1.0	12.749	-1.684	Br_23
15082.784	1.0	12.749	-1.623	Br_22
15133.231	1.0	12.749	-1.558	Br_21
15191.853	1.0	12.749	-1.489	Br_20
15260.547	1.0	12.749	-1.416	Br_19
15341.799	1.0	12.749	-1.339	Br_18
15438.929	1.0	12.749	-1.256	Br_17
15556.457	1.0	12.749	-1.167	Br_16
15700.67	1.0	12.749	-1.071	Br_15
15880.549	1.0	12.749	-0.966	Br_14
16109.32	1.0	12.749	-0.852	Br_13
16407.199	1.0	12.749	-0.725	Br_12
16806.526	1.0	12.749	-0.582	Br_11
17362.112	1.0	12.749	-0.417	Br_10
18174.122	1.0	12.749	-0.223	Brepsilon
18751.008	1.0	12.088	1.181	Paalpha
19445.562	1.0	12.749	0.014	Brdelta
21655.282	1.0	12.749	0.321	Brgamma
23438.894	1.0	13.055	-1.739	H5_30
23485.97	1.0	13.055	-1.692	H5_29
23538.4	1.0	13.055	-1.643	H5_28
23597.04	1.0	13.055	-1.593	H5_27
23662.921	1.0	13.055	-1.54	H5_26
23737.305	1.0	13.055	-1.485	H5_25
23821.743	1.0	13.055	-1.427	H5_24
23918.161	1.0	13.055	-1.366	H5_23
24028.979	1.0	13.055	-1.302	H5_22
24157.272	1.0	13.055	-1.235	H5_21
24306.999	1.0	13.055	-1.163	H5_20
24483.333	1.0	13.055	-1.087	H5_19
24693.147	1.0	13.055	-1.005	H5_18
24945.748	1.0	13.055	-0.918	H5_17
25254.024	1.0	13.055	-0.823	H5_16
25636.286	1.0	13.055	-0.719	H5_15
26119.36	1.0	13.055	-0.606	H5_14
26251.501	1.0	12.749	0.759	Brbeta
26744.024	1.0	13.055	-0.479	H5_13
27575.16	1.0	13.055	-0.337	H5_12
28722.128	1.0	13.055	-0.173	H5_11
30383.734	1.0	13.055	0.022	H5_10
32960.918	1.0	13.055	0.261	H5_9
34091.585	1.0	13.221	-1.528	H6_31
34181.751	1.0	13.221	-1.482	H6_30
34281.96	1.0	13.221	-1.434	H6_29
34393.787	1.0	13.221	-1.384	H6_28
34519.129	1.0	13.221	-1.332	H6_27
34660.295	1.0	13.221	-1.277	H6_26
34820.119	1.0	13.221	-1.22	H6_25
35002.112	1.0	13.221	-1.16	H6_24
35210.668	1.0	13.221	-1.097	H6_23
35451.357	1.0	13.221	-1.03	H6_22
35731.321	1.0	13.221	-0.959	H6_21
36059.866	1.0	13.221	-0.884	H6_20
36449.312	1.0	13.221	-0.803	H6_19
36916.287	1.0	13.221	-0.716	H6_18
37395.353	1.0	13.055	0.571	H5_8
37483.73	1.0	13.221	-0.622	H6_17
38184.117	1.0	13.221	-0.519	H6_16
39064.85	1.0	13.221	-0.406	H6_15
40197.729	1.0	13.221	-0.28	H6_14
40511.565	1.0	12.749	1.521	Bralpha
41696.583	1.0	13.221	-0.137	H6_13
43752.624	1.0	13.221	0.027	H6_12
46525.068	1.0	13.055	1.015	H5_7
46712.354	1.0	13.221	0.223	H6_11
51272.589	1.0	13.221	0.463	H6_10
59066.002	1.0	13.221	0.777	H6_9
74578.197	1.0	13.055	1.789	H5_6
75004.441	1.0	13.221	1.227	H6_8